0 0 GET 50 0
0 0 PUT 50 0
0 1 GET 50 35.000000
0 1 PUT 50 35.000000
0 10 GET 50 152.000000
0 10 PUT 50 152.000000
0 11 GET 50 167.000000
0 11 PUT 50 167.000000
0 12 GET 50 117.000000
0 12 PUT 50 117.000000
0 13 GET 50 104.000000
0 13 PUT 50 104.000000
0 14 GET 50 142.000000
0 14 PUT 50 142.000000
0 15 GET 50 143.000000
0 15 PUT 50 143.000000
0 16 GET 50 262.000000
0 16 PUT 50 262.000000
0 17 GET 50 167.000000
0 17 PUT 50 167.000000
0 18 GET 50 178.000000
0 18 PUT 50 178.000000
0 19 GET 50 122.000000
0 19 PUT 50 122.000000
0 2 GET 50 121.000000
0 2 PUT 50 121.000000
0 20 GET 50 141.000000
0 20 PUT 50 141.000000
0 21 GET 50 81.000000
0 21 PUT 50 81.000000
0 22 GET 50 154.000000
0 22 PUT 50 154.000000
0 23 GET 50 151.000000
0 23 PUT 50 151.000000
0 24 GET 50 3.000000
0 24 PUT 50 3.000000
0 25 GET 50 10.000000
0 25 PUT 50 10.000000
0 26 GET 50 37.000000
0 26 PUT 50 37.000000
0 27 GET 50 44.000000
0 27 PUT 50 44.000000
0 28 GET 50 155.000000
0 28 PUT 50 155.000000
0 29 GET 50 247.000000
0 29 PUT 50 247.000000
0 3 GET 50 71.000000
0 3 PUT 50 71.000000
0 30 GET 50 125.000000
0 30 PUT 50 125.000000
0 31 GET 50 72.000000
0 31 PUT 50 72.000000
0 32 GET 50 120.000000
0 32 PUT 50 120.000000
0 33 GET 50 231.000000
0 33 PUT 50 231.000000
0 34 GET 50 232.000000
0 34 PUT 50 232.000000
0 35 GET 50 126.000000
0 35 PUT 50 126.000000
0 36 GET 50 243.000000
0 36 PUT 50 243.000000
0 37 GET 50 108.000000
0 37 PUT 50 108.000000
0 38 GET 50 105.000000
0 38 PUT 50 105.000000
0 39 GET 50 35.000000
0 39 PUT 50 35.000000
0 4 GET 50 104.000000
0 4 PUT 50 104.000000
0 40 GET 50 2.000000
0 40 PUT 50 2.000000
0 41 GET 50 69.000000
0 41 PUT 50 69.000000
0 42 GET 50 306.000000
0 42 PUT 50 306.000000
0 43 GET 50 202.000000
0 43 PUT 50 202.000000
0 44 GET 50 233.000000
0 44 PUT 50 233.000000
0 45 GET 50 164.000000
0 45 PUT 50 164.000000
0 5 GET 50 151.000000
0 5 PUT 50 151.000000
0 6 GET 50 238.000000
0 6 PUT 50 238.000000
0 7 GET 50 219.000000
0 7 PUT 50 219.000000
0 8 GET 50 238.000000
0 8 PUT 50 238.000000
0 9 GET 50 269.000000
0 9 PUT 50 269.000000
1 0 GET 50 37.000000
1 0 PUT 50 37.000000
1 1 GET 50 0
1 1 PUT 50 0
1 10 GET 50 182.000000
1 10 PUT 50 182.000000
1 11 GET 50 200.000000
1 11 PUT 50 200.000000
1 12 GET 50 152.000000
1 12 PUT 50 152.000000
1 13 GET 50 140.000000
1 13 PUT 50 140.000000
1 14 GET 50 143.000000
1 14 PUT 50 143.000000
1 15 GET 50 159.000000
1 15 PUT 50 159.000000
1 16 GET 50 301.000000
1 16 PUT 50 301.000000
1 17 GET 50 204.000000
1 17 PUT 50 204.000000
1 18 GET 50 216.000000
1 18 PUT 50 216.000000
1 19 GET 50 141.000000
1 19 PUT 50 141.000000
1 2 GET 50 159.000000
1 2 PUT 50 159.000000
1 20 GET 50 179.000000
1 20 PUT 50 179.000000
1 21 GET 50 65.000000
1 21 PUT 50 65.000000
1 22 GET 50 191.000000
1 22 PUT 50 191.000000
1 23 GET 50 188.000000
1 23 PUT 50 188.000000
1 24 GET 50 39.000000
1 24 PUT 50 39.000000
1 25 GET 50 50.000000
1 25 PUT 50 50.000000
1 26 GET 50 15.000000
1 26 PUT 50 15.000000
1 27 GET 50 17.000000
1 27 PUT 50 17.000000
1 28 GET 50 194.000000
1 28 PUT 50 194.000000
1 29 GET 50 280.000000
1 29 PUT 50 280.000000
1 3 GET 50 101.000000
1 3 PUT 50 101.000000
1 30 GET 50 161.000000
1 30 PUT 50 161.000000
1 31 GET 50 89.000000
1 31 PUT 50 89.000000
1 32 GET 50 121.000000
1 32 PUT 50 121.000000
1 33 GET 50 265.000000
1 33 PUT 50 265.000000
1 34 GET 50 266.000000
1 34 PUT 50 266.000000
1 35 GET 50 162.000000
1 35 PUT 50 162.000000
1 36 GET 50 271.000000
1 36 PUT 50 271.000000
1 37 GET 50 144.000000
1 37 PUT 50 144.000000
1 38 GET 50 142.000000
1 38 PUT 50 142.000000
1 39 GET 50 71.000000
1 39 PUT 50 71.000000
1 4 GET 50 139.000000
1 4 PUT 50 139.000000
1 40 GET 50 37.000000
1 40 PUT 50 37.000000
1 41 GET 50 103.000000
1 41 PUT 50 103.000000
1 42 GET 50 272.000000
1 42 PUT 50 272.000000
1 43 GET 50 176.000000
1 43 PUT 50 176.000000
1 44 GET 50 201.000000
1 44 PUT 50 201.000000
1 45 GET 50 149.000000
1 45 PUT 50 149.000000
1 5 GET 50 178.000000
1 5 PUT 50 178.000000
1 6 GET 50 265.000000
1 6 PUT 50 265.000000
1 7 GET 50 243.000000
1 7 PUT 50 243.000000
1 8 GET 50 257.000000
1 8 PUT 50 257.000000
1 9 GET 50 293.000000
1 9 PUT 50 293.000000
10 0 GET 50 152.000000
10 0 PUT 50 152.000000
10 1 GET 50 179.000000
10 1 PUT 50 179.000000
10 10 GET 50 0
10 10 PUT 50 0
10 11 GET 50 11.000000
10 11 PUT 50 11.000000
10 12 GET 50 63.000000
10 12 PUT 50 63.000000
10 13 GET 50 82.000000
10 13 PUT 50 82.000000
10 14 GET 50 232.000000
10 14 PUT 50 232.000000
10 15 GET 50 258.000000
10 15 PUT 50 258.000000
10 16 GET 50 122.000000
10 16 PUT 50 122.000000
10 17 GET 50 29.000000
10 17 PUT 50 29.000000
10 18 GET 50 40.000000
10 18 PUT 50 40.000000
10 19 GET 50 195.000000
10 19 PUT 50 195.000000
10 2 GET 50 184.000000
10 2 PUT 50 184.000000
10 20 GET 50 41.000000
10 20 PUT 50 41.000000
10 21 GET 50 209.000000
10 21 PUT 50 209.000000
10 22 GET 50 3.000000
10 22 PUT 50 3.000000
10 23 GET 50 7.000000
10 23 PUT 50 7.000000
10 24 GET 50 159.000000
10 24 PUT 50 159.000000
10 25 GET 50 168.000000
10 25 PUT 50 168.000000
10 26 GET 50 193.000000
10 26 PUT 50 193.000000
10 27 GET 50 200.000000
10 27 PUT 50 200.000000
10 28 GET 50 20.000000
10 28 PUT 50 20.000000
10 29 GET 50 84.000000
10 29 PUT 50 84.000000
10 3 GET 50 225.000000
10 3 PUT 50 225.000000
10 30 GET 50 37.000000
10 30 PUT 50 37.000000
10 31 GET 50 226.000000
10 31 PUT 50 226.000000
10 32 GET 50 237.000000
10 32 PUT 50 237.000000
10 33 GET 50 76.000000
10 33 PUT 50 76.000000
10 34 GET 50 77.000000
10 34 PUT 50 77.000000
10 35 GET 50 55.000000
10 35 PUT 50 55.000000
10 36 GET 50 83.000000
10 36 PUT 50 83.000000
10 37 GET 50 71.000000
10 37 PUT 50 71.000000
10 38 GET 50 76.000000
10 38 PUT 50 76.000000
10 39 GET 50 258.000000
10 39 PUT 50 258.000000
10 4 GET 50 218.000000
10 4 PUT 50 218.000000
10 40 GET 50 231.000000
10 40 PUT 50 231.000000
10 41 GET 50 303.000000
10 41 PUT 50 303.000000
10 42 GET 50 90.000000
10 42 PUT 50 90.000000
10 43 GET 50 27.000000
10 43 PUT 50 27.000000
10 44 GET 50 13.000000
10 44 PUT 50 13.000000
10 45 GET 50 62.000000
10 45 PUT 50 62.000000
10 5 GET 50 15.000000
10 5 PUT 50 15.000000
10 6 GET 50 90.000000
10 6 PUT 50 90.000000
10 7 GET 50 76.000000
10 7 PUT 50 76.000000
10 8 GET 50 78.000000
10 8 PUT 50 78.000000
10 9 GET 50 122.000000
10 9 PUT 50 122.000000
11 0 GET 50 167.000000
11 0 PUT 50 167.000000
11 1 GET 50 199.000000
11 1 PUT 50 199.000000
11 10 GET 50 11.000000
11 10 PUT 50 11.000000
11 11 GET 50 0
11 11 PUT 50 0
11 12 GET 50 50.000000
11 12 PUT 50 50.000000
11 13 GET 50 69.000000
11 13 PUT 50 69.000000
11 14 GET 50 239.000000
11 14 PUT 50 239.000000
11 15 GET 50 262.000000
11 15 PUT 50 262.000000
11 16 GET 50 132.000000
11 16 PUT 50 132.000000
11 17 GET 50 30.000000
11 17 PUT 50 30.000000
11 18 GET 50 41.000000
11 18 PUT 50 41.000000
11 19 GET 50 205.000000
11 19 PUT 50 205.000000
11 2 GET 50 193.000000
11 2 PUT 50 193.000000
11 20 GET 50 46.000000
11 20 PUT 50 46.000000
11 21 GET 50 215.000000
11 21 PUT 50 215.000000
11 22 GET 50 18.000000
11 22 PUT 50 18.000000
11 23 GET 50 22.000000
11 23 PUT 50 22.000000
11 24 GET 50 165.000000
11 24 PUT 50 165.000000
11 25 GET 50 174.000000
11 25 PUT 50 174.000000
11 26 GET 50 198.000000
11 26 PUT 50 198.000000
11 27 GET 50 205.000000
11 27 PUT 50 205.000000
11 28 GET 50 20.000000
11 28 PUT 50 20.000000
11 29 GET 50 94.000000
11 29 PUT 50 94.000000
11 3 GET 50 224.000000
11 3 PUT 50 224.000000
11 30 GET 50 42.000000
11 30 PUT 50 42.000000
11 31 GET 50 232.000000
11 31 PUT 50 232.000000
11 32 GET 50 242.000000
11 32 PUT 50 242.000000
11 33 GET 50 86.000000
11 33 PUT 50 86.000000
11 34 GET 50 87.000000
11 34 PUT 50 87.000000
11 35 GET 50 61.000000
11 35 PUT 50 61.000000
11 36 GET 50 93.000000
11 36 PUT 50 93.000000
11 37 GET 50 77.000000
11 37 PUT 50 77.000000
11 38 GET 50 81.000000
11 38 PUT 50 81.000000
11 39 GET 50 274.000000
11 39 PUT 50 274.000000
11 4 GET 50 208.000000
11 4 PUT 50 208.000000
11 40 GET 50 245.000000
11 40 PUT 50 245.000000
11 41 GET 50 316.000000
11 41 PUT 50 316.000000
11 42 GET 50 105.000000
11 42 PUT 50 105.000000
11 43 GET 50 28.000000
11 43 PUT 50 28.000000
11 44 GET 50 23.000000
11 44 PUT 50 23.000000
11 45 GET 50 63.000000
11 45 PUT 50 63.000000
11 5 GET 50 26.000000
11 5 PUT 50 26.000000
11 6 GET 50 98.000000
11 6 PUT 50 98.000000
11 7 GET 50 81.000000
11 7 PUT 50 81.000000
11 8 GET 50 88.000000
11 8 PUT 50 88.000000
11 9 GET 50 131.000000
11 9 PUT 50 131.000000
12 0 GET 50 117.000000
12 0 PUT 50 117.000000
12 1 GET 50 149.000000
12 1 PUT 50 149.000000
12 10 GET 50 63.000000
12 10 PUT 50 63.000000
12 11 GET 50 50.000000
12 11 PUT 50 50.000000
12 12 GET 50 0
12 12 PUT 50 0
12 13 GET 50 21.000000
12 13 PUT 50 21.000000
12 14 GET 50 175.000000
12 14 PUT 50 175.000000
12 15 GET 50 187.000000
12 15 PUT 50 187.000000
12 16 GET 50 172.000000
12 16 PUT 50 172.000000
12 17 GET 50 66.000000
12 17 PUT 50 66.000000
12 18 GET 50 77.000000
12 18 PUT 50 77.000000
12 19 GET 50 226.000000
12 19 PUT 50 226.000000
12 2 GET 50 232.000000
12 2 PUT 50 232.000000
12 20 GET 50 39.000000
12 20 PUT 50 39.000000
12 21 GET 50 145.000000
12 21 PUT 50 145.000000
12 22 GET 50 66.000000
12 22 PUT 50 66.000000
12 23 GET 50 61.000000
12 23 PUT 50 61.000000
12 24 GET 50 107.000000
12 24 PUT 50 107.000000
12 25 GET 50 111.000000
12 25 PUT 50 111.000000
12 26 GET 50 142.000000
12 26 PUT 50 142.000000
12 27 GET 50 149.000000
12 27 PUT 50 149.000000
12 28 GET 50 54.000000
12 28 PUT 50 54.000000
12 29 GET 50 140.000000
12 29 PUT 50 140.000000
12 3 GET 50 174.000000
12 3 PUT 50 174.000000
12 30 GET 50 34.000000
12 30 PUT 50 34.000000
12 31 GET 50 175.000000
12 31 PUT 50 175.000000
12 32 GET 50 207.000000
12 32 PUT 50 207.000000
12 33 GET 50 136.000000
12 33 PUT 50 136.000000
12 34 GET 50 137.000000
12 34 PUT 50 137.000000
12 35 GET 50 30.000000
12 35 PUT 50 30.000000
12 36 GET 50 142.000000
12 36 PUT 50 142.000000
12 37 GET 50 2.000000
12 37 PUT 50 2.000000
12 38 GET 50 24.000000
12 38 PUT 50 24.000000
12 39 GET 50 263.000000
12 39 PUT 50 263.000000
12 4 GET 50 158.000000
12 4 PUT 50 158.000000
12 40 GET 50 238.000000
12 40 PUT 50 238.000000
12 41 GET 50 310.000000
12 41 PUT 50 310.000000
12 42 GET 50 147.000000
12 42 PUT 50 147.000000
12 43 GET 50 37.000000
12 43 PUT 50 37.000000
12 44 GET 50 79.000000
12 44 PUT 50 79.000000
12 45 GET 50 23.000000
12 45 PUT 50 23.000000
12 5 GET 50 77.000000
12 5 PUT 50 77.000000
12 6 GET 50 146.000000
12 6 PUT 50 146.000000
12 7 GET 50 137.000000
12 7 PUT 50 137.000000
12 8 GET 50 138.000000
12 8 PUT 50 138.000000
12 9 GET 50 184.000000
12 9 PUT 50 184.000000
13 0 GET 50 104.000000
13 0 PUT 50 104.000000
13 1 GET 50 137.000000
13 1 PUT 50 137.000000
13 10 GET 50 82.000000
13 10 PUT 50 82.000000
13 11 GET 50 69.000000
13 11 PUT 50 69.000000
13 12 GET 50 21.000000
13 12 PUT 50 21.000000
13 13 GET 50 0
13 13 PUT 50 0
13 14 GET 50 193.000000
13 14 PUT 50 193.000000
13 15 GET 50 223.000000
13 15 PUT 50 223.000000
13 16 GET 50 195.000000
13 16 PUT 50 195.000000
13 17 GET 50 75.000000
13 17 PUT 50 75.000000
13 18 GET 50 86.000000
13 18 PUT 50 86.000000
13 19 GET 50 223.000000
13 19 PUT 50 223.000000
13 2 GET 50 220.000000
13 2 PUT 50 220.000000
13 20 GET 50 48.000000
13 20 PUT 50 48.000000
13 21 GET 50 156.000000
13 21 PUT 50 156.000000
13 22 GET 50 82.000000
13 22 PUT 50 82.000000
13 23 GET 50 84.000000
13 23 PUT 50 84.000000
13 24 GET 50 108.000000
13 24 PUT 50 108.000000
13 25 GET 50 100.000000
13 25 PUT 50 100.000000
13 26 GET 50 141.000000
13 26 PUT 50 141.000000
13 27 GET 50 148.000000
13 27 PUT 50 148.000000
13 28 GET 50 62.000000
13 28 PUT 50 62.000000
13 29 GET 50 149.000000
13 29 PUT 50 149.000000
13 3 GET 50 162.000000
13 3 PUT 50 162.000000
13 30 GET 50 55.000000
13 30 PUT 50 55.000000
13 31 GET 50 172.000000
13 31 PUT 50 172.000000
13 32 GET 50 203.000000
13 32 PUT 50 203.000000
13 33 GET 50 154.000000
13 33 PUT 50 154.000000
13 34 GET 50 155.000000
13 34 PUT 50 155.000000
13 35 GET 50 33.000000
13 35 PUT 50 33.000000
13 36 GET 50 160.000000
13 36 PUT 50 160.000000
13 37 GET 50 24.000000
13 37 PUT 50 24.000000
13 38 GET 50 13.000000
13 38 PUT 50 13.000000
13 39 GET 50 266.000000
13 39 PUT 50 266.000000
13 4 GET 50 162.000000
13 4 PUT 50 162.000000
13 40 GET 50 238.000000
13 40 PUT 50 238.000000
13 41 GET 50 311.000000
13 41 PUT 50 311.000000
13 42 GET 50 156.000000
13 42 PUT 50 156.000000
13 43 GET 50 51.000000
13 43 PUT 50 51.000000
13 44 GET 50 75.000000
13 44 PUT 50 75.000000
13 45 GET 50 15.000000
13 45 PUT 50 15.000000
13 5 GET 50 67.000000
13 5 PUT 50 67.000000
13 6 GET 50 162.000000
13 6 PUT 50 162.000000
13 7 GET 50 134.000000
13 7 PUT 50 134.000000
13 8 GET 50 158.000000
13 8 PUT 50 158.000000
13 9 GET 50 183.000000
13 9 PUT 50 183.000000
14 0 GET 50 146.000000
14 0 PUT 50 146.000000
14 1 GET 50 148.000000
14 1 PUT 50 148.000000
14 10 GET 50 244.000000
14 10 PUT 50 244.000000
14 11 GET 50 252.000000
14 11 PUT 50 252.000000
14 12 GET 50 178.000000
14 12 PUT 50 178.000000
14 13 GET 50 197.000000
14 13 PUT 50 197.000000
14 14 GET 50 0
14 14 PUT 50 0
14 15 GET 50 15.000000
14 15 PUT 50 15.000000
14 16 GET 50 310.000000
14 16 PUT 50 310.000000
14 17 GET 50 243.000000
14 17 PUT 50 243.000000
14 18 GET 50 254.000000
14 18 PUT 50 254.000000
14 19 GET 50 160.000000
14 19 PUT 50 160.000000
14 2 GET 50 160.000000
14 2 PUT 50 160.000000
14 20 GET 50 220.000000
14 20 PUT 50 220.000000
14 21 GET 50 139.000000
14 21 PUT 50 139.000000
14 22 GET 50 224.000000
14 22 PUT 50 224.000000
14 23 GET 50 223.000000
14 23 PUT 50 223.000000
14 24 GET 50 112.000000
14 24 PUT 50 112.000000
14 25 GET 50 118.000000
14 25 PUT 50 118.000000
14 26 GET 50 145.000000
14 26 PUT 50 145.000000
14 27 GET 50 152.000000
14 27 PUT 50 152.000000
14 28 GET 50 234.000000
14 28 PUT 50 234.000000
14 29 GET 50 325.000000
14 29 PUT 50 325.000000
14 3 GET 50 107.000000
14 3 PUT 50 107.000000
14 30 GET 50 195.000000
14 30 PUT 50 195.000000
14 31 GET 50 108.000000
14 31 PUT 50 108.000000
14 32 GET 50 140.000000
14 32 PUT 50 140.000000
14 33 GET 50 299.000000
14 33 PUT 50 299.000000
14 34 GET 50 289.000000
14 34 PUT 50 289.000000
14 35 GET 50 183.000000
14 35 PUT 50 183.000000
14 36 GET 50 308.000000
14 36 PUT 50 308.000000
14 37 GET 50 177.000000
14 37 PUT 50 177.000000
14 38 GET 50 181.000000
14 38 PUT 50 181.000000
14 39 GET 50 141.000000
14 39 PUT 50 141.000000
14 4 GET 50 6.000000
14 4 PUT 50 6.000000
14 40 GET 50 109.000000
14 40 PUT 50 109.000000
14 41 GET 50 142.000000
14 41 PUT 50 142.000000
14 42 GET 50 283.000000
14 42 PUT 50 283.000000
14 43 GET 50 200.000000
14 43 PUT 50 200.000000
14 44 GET 50 220.000000
14 44 PUT 50 220.000000
14 45 GET 50 190.000000
14 45 PUT 50 190.000000
14 5 GET 50 246.000000
14 5 PUT 50 246.000000
14 6 GET 50 307.000000
14 6 PUT 50 307.000000
14 7 GET 50 314.000000
14 7 PUT 50 314.000000
14 8 GET 50 277.000000
14 8 PUT 50 277.000000
14 9 GET 50 309.000000
14 9 PUT 50 309.000000
15 0 GET 50 144.000000
15 0 PUT 50 144.000000
15 1 GET 50 157.000000
15 1 PUT 50 157.000000
15 10 GET 50 257.000000
15 10 PUT 50 257.000000
15 11 GET 50 263.000000
15 11 PUT 50 263.000000
15 12 GET 50 187.000000
15 12 PUT 50 187.000000
15 13 GET 50 223.000000
15 13 PUT 50 223.000000
15 14 GET 50 16.000000
15 14 PUT 50 16.000000
15 15 GET 50 0
15 15 PUT 50 0
15 16 GET 50 316.000000
15 16 PUT 50 316.000000
15 17 GET 50 247.000000
15 17 PUT 50 247.000000
15 18 GET 50 258.000000
15 18 PUT 50 258.000000
15 19 GET 50 147.000000
15 19 PUT 50 147.000000
15 2 GET 50 147.000000
15 2 PUT 50 147.000000
15 20 GET 50 226.000000
15 20 PUT 50 226.000000
15 21 GET 50 131.000000
15 21 PUT 50 131.000000
15 22 GET 50 231.000000
15 22 PUT 50 231.000000
15 23 GET 50 228.000000
15 23 PUT 50 228.000000
15 24 GET 50 121.000000
15 24 PUT 50 121.000000
15 25 GET 50 128.000000
15 25 PUT 50 128.000000
15 26 GET 50 154.000000
15 26 PUT 50 154.000000
15 27 GET 50 161.000000
15 27 PUT 50 161.000000
15 28 GET 50 243.000000
15 28 PUT 50 243.000000
15 29 GET 50 330.000000
15 29 PUT 50 330.000000
15 3 GET 50 95.000000
15 3 PUT 50 95.000000
15 30 GET 50 204.000000
15 30 PUT 50 204.000000
15 31 GET 50 97.000000
15 31 PUT 50 97.000000
15 32 GET 50 128.000000
15 32 PUT 50 128.000000
15 33 GET 50 301.000000
15 33 PUT 50 301.000000
15 34 GET 50 314.000000
15 34 PUT 50 314.000000
15 35 GET 50 213.000000
15 35 PUT 50 213.000000
15 36 GET 50 333.000000
15 36 PUT 50 333.000000
15 37 GET 50 186.000000
15 37 PUT 50 186.000000
15 38 GET 50 185.000000
15 38 PUT 50 185.000000
15 39 GET 50 140.000000
15 39 PUT 50 140.000000
15 4 GET 50 17.000000
15 4 PUT 50 17.000000
15 40 GET 50 119.000000
15 40 PUT 50 119.000000
15 41 GET 50 140.000000
15 41 PUT 50 140.000000
15 42 GET 50 311.000000
15 42 PUT 50 311.000000
15 43 GET 50 229.000000
15 43 PUT 50 229.000000
15 44 GET 50 240.000000
15 44 PUT 50 240.000000
15 45 GET 50 200.000000
15 45 PUT 50 200.000000
15 5 GET 50 250.000000
15 5 PUT 50 250.000000
15 6 GET 50 345.000000
15 6 PUT 50 345.000000
15 7 GET 50 344.000000
15 7 PUT 50 344.000000
15 8 GET 50 313.000000
15 8 PUT 50 313.000000
15 9 GET 50 313.000000
15 9 PUT 50 313.000000
16 0 GET 50 258.000000
16 0 PUT 50 258.000000
16 1 GET 50 294.000000
16 1 PUT 50 294.000000
16 10 GET 50 120.000000
16 10 PUT 50 120.000000
16 11 GET 50 130.000000
16 11 PUT 50 130.000000
16 12 GET 50 169.000000
16 12 PUT 50 169.000000
16 13 GET 50 191.000000
16 13 PUT 50 191.000000
16 14 GET 50 299.000000
16 14 PUT 50 299.000000
16 15 GET 50 309.000000
16 15 PUT 50 309.000000
16 16 GET 50 0
16 16 PUT 50 0
16 17 GET 50 134.000000
16 17 PUT 50 134.000000
16 18 GET 50 144.000000
16 18 PUT 50 144.000000
16 19 GET 50 295.000000
16 19 PUT 50 295.000000
16 2 GET 50 293.000000
16 2 PUT 50 293.000000
16 20 GET 50 153.000000
16 20 PUT 50 153.000000
16 21 GET 50 307.000000
16 21 PUT 50 307.000000
16 22 GET 50 122.000000
16 22 PUT 50 122.000000
16 23 GET 50 132.000000
16 23 PUT 50 132.000000
16 24 GET 50 258.000000
16 24 PUT 50 258.000000
16 25 GET 50 265.000000
16 25 PUT 50 265.000000
16 26 GET 50 290.000000
16 26 PUT 50 290.000000
16 27 GET 50 297.000000
16 27 PUT 50 297.000000
16 28 GET 50 141.000000
16 28 PUT 50 141.000000
16 29 GET 50 191.000000
16 29 PUT 50 191.000000
16 3 GET 50 354.000000
16 3 PUT 50 354.000000
16 30 GET 50 139.000000
16 30 PUT 50 139.000000
16 31 GET 50 323.000000
16 31 PUT 50 323.000000
16 32 GET 50 350.000000
16 32 PUT 50 350.000000
16 33 GET 50 184.000000
16 33 PUT 50 184.000000
16 34 GET 50 185.000000
16 34 PUT 50 185.000000
16 35 GET 50 167.000000
16 35 PUT 50 167.000000
16 36 GET 50 189.000000
16 36 PUT 50 189.000000
16 37 GET 50 170.000000
16 37 PUT 50 170.000000
16 38 GET 50 188.000000
16 38 PUT 50 188.000000
16 39 GET 50 305.000000
16 39 PUT 50 305.000000
16 4 GET 50 361.000000
16 4 PUT 50 361.000000
16 40 GET 50 264.000000
16 40 PUT 50 264.000000
16 41 GET 50 328.000000
16 41 PUT 50 328.000000
16 42 GET 50 203.000000
16 42 PUT 50 203.000000
16 43 GET 50 153.000000
16 43 PUT 50 153.000000
16 44 GET 50 130.000000
16 44 PUT 50 130.000000
16 45 GET 50 188.000000
16 45 PUT 50 188.000000
16 5 GET 50 124.000000
16 5 PUT 50 124.000000
16 6 GET 50 198.000000
16 6 PUT 50 198.000000
16 7 GET 50 191.000000
16 7 PUT 50 191.000000
16 8 GET 50 186.000000
16 8 PUT 50 186.000000
16 9 GET 50 7.000000
16 9 PUT 50 7.000000
17 0 GET 50 169.000000
17 0 PUT 50 169.000000
17 1 GET 50 206.000000
17 1 PUT 50 206.000000
17 10 GET 50 30.000000
17 10 PUT 50 30.000000
17 11 GET 50 30.000000
17 11 PUT 50 30.000000
17 12 GET 50 67.000000
17 12 PUT 50 67.000000
17 13 GET 50 76.000000
17 13 PUT 50 76.000000
17 14 GET 50 241.000000
17 14 PUT 50 241.000000
17 15 GET 50 248.000000
17 15 PUT 50 248.000000
17 16 GET 50 138.000000
17 16 PUT 50 138.000000
17 17 GET 50 0
17 17 PUT 50 0
17 18 GET 50 16.000000
17 18 PUT 50 16.000000
17 19 GET 50 209.000000
17 19 PUT 50 209.000000
17 2 GET 50 205.000000
17 2 PUT 50 205.000000
17 20 GET 50 31.000000
17 20 PUT 50 31.000000
17 21 GET 50 216.000000
17 21 PUT 50 216.000000
17 22 GET 50 28.000000
17 22 PUT 50 28.000000
17 23 GET 50 32.000000
17 23 PUT 50 32.000000
17 24 GET 50 170.000000
17 24 PUT 50 170.000000
17 25 GET 50 162.000000
17 25 PUT 50 162.000000
17 26 GET 50 204.000000
17 26 PUT 50 204.000000
17 27 GET 50 211.000000
17 27 PUT 50 211.000000
17 28 GET 50 19.000000
17 28 PUT 50 19.000000
17 29 GET 50 80.000000
17 29 PUT 50 80.000000
17 3 GET 50 269.000000
17 3 PUT 50 269.000000
17 30 GET 50 53.000000
17 30 PUT 50 53.000000
17 31 GET 50 236.000000
17 31 PUT 50 236.000000
17 32 GET 50 267.000000
17 32 PUT 50 267.000000
17 33 GET 50 91.000000
17 33 PUT 50 91.000000
17 34 GET 50 92.000000
17 34 PUT 50 92.000000
17 35 GET 50 45.000000
17 35 PUT 50 45.000000
17 36 GET 50 101.000000
17 36 PUT 50 101.000000
17 37 GET 50 69.000000
17 37 PUT 50 69.000000
17 38 GET 50 66.000000
17 38 PUT 50 66.000000
17 39 GET 50 203.000000
17 39 PUT 50 203.000000
17 4 GET 50 280.000000
17 4 PUT 50 280.000000
17 40 GET 50 160.000000
17 40 PUT 50 160.000000
17 41 GET 50 232.000000
17 41 PUT 50 232.000000
17 42 GET 50 104.000000
17 42 PUT 50 104.000000
17 43 GET 50 26.000000
17 43 PUT 50 26.000000
17 44 GET 50 40.000000
17 44 PUT 50 40.000000
17 45 GET 50 68.000000
17 45 PUT 50 68.000000
17 5 GET 50 32.000000
17 5 PUT 50 32.000000
17 6 GET 50 107.000000
17 6 PUT 50 107.000000
17 7 GET 50 78.000000
17 7 PUT 50 78.000000
17 8 GET 50 94.000000
17 8 PUT 50 94.000000
17 9 GET 50 136.000000
17 9 PUT 50 136.000000
18 0 GET 50 184.000000
18 0 PUT 50 184.000000
18 1 GET 50 221.000000
18 1 PUT 50 221.000000
18 10 GET 50 42.000000
18 10 PUT 50 42.000000
18 11 GET 50 43.000000
18 11 PUT 50 43.000000
18 12 GET 50 80.000000
18 12 PUT 50 80.000000
18 13 GET 50 89.000000
18 13 PUT 50 89.000000
18 14 GET 50 257.000000
18 14 PUT 50 257.000000
18 15 GET 50 261.000000
18 15 PUT 50 261.000000
18 16 GET 50 151.000000
18 16 PUT 50 151.000000
18 17 GET 50 17.000000
18 17 PUT 50 17.000000
18 18 GET 50 0
18 18 PUT 50 0
18 19 GET 50 225.000000
18 19 PUT 50 225.000000
18 2 GET 50 221.000000
18 2 PUT 50 221.000000
18 20 GET 50 43.000000
18 20 PUT 50 43.000000
18 21 GET 50 232.000000
18 21 PUT 50 232.000000
18 22 GET 50 40.000000
18 22 PUT 50 40.000000
18 23 GET 50 44.000000
18 23 PUT 50 44.000000
18 24 GET 50 185.000000
18 24 PUT 50 185.000000
18 25 GET 50 177.000000
18 25 PUT 50 177.000000
18 26 GET 50 219.000000
18 26 PUT 50 219.000000
18 27 GET 50 227.000000
18 27 PUT 50 227.000000
18 28 GET 50 30.000000
18 28 PUT 50 30.000000
18 29 GET 50 93.000000
18 29 PUT 50 93.000000
18 3 GET 50 286.000000
18 3 PUT 50 286.000000
18 30 GET 50 66.000000
18 30 PUT 50 66.000000
18 31 GET 50 252.000000
18 31 PUT 50 252.000000
18 32 GET 50 284.000000
18 32 PUT 50 284.000000
18 33 GET 50 104.000000
18 33 PUT 50 104.000000
18 34 GET 50 105.000000
18 34 PUT 50 105.000000
18 35 GET 50 58.000000
18 35 PUT 50 58.000000
18 36 GET 50 114.000000
18 36 PUT 50 114.000000
18 37 GET 50 81.000000
18 37 PUT 50 81.000000
18 38 GET 50 79.000000
18 38 PUT 50 79.000000
18 39 GET 50 219.000000
18 39 PUT 50 219.000000
18 4 GET 50 297.000000
18 4 PUT 50 297.000000
18 40 GET 50 175.000000
18 40 PUT 50 175.000000
18 41 GET 50 247.000000
18 41 PUT 50 247.000000
18 42 GET 50 117.000000
18 42 PUT 50 117.000000
18 43 GET 50 38.000000
18 43 PUT 50 38.000000
18 44 GET 50 52.000000
18 44 PUT 50 52.000000
18 45 GET 50 80.000000
18 45 PUT 50 80.000000
18 5 GET 50 45.000000
18 5 PUT 50 45.000000
18 6 GET 50 121.000000
18 6 PUT 50 121.000000
18 7 GET 50 91.000000
18 7 PUT 50 91.000000
18 8 GET 50 107.000000
18 8 PUT 50 107.000000
18 9 GET 50 150.000000
18 9 PUT 50 150.000000
19 0 GET 50 125.000000
19 0 PUT 50 125.000000
19 1 GET 50 142.000000
19 1 PUT 50 142.000000
19 10 GET 50 196.000000
19 10 PUT 50 196.000000
19 11 GET 50 206.000000
19 11 PUT 50 206.000000
19 12 GET 50 230.000000
19 12 PUT 50 230.000000
19 13 GET 50 226.000000
19 13 PUT 50 226.000000
19 14 GET 50 158.000000
19 14 PUT 50 158.000000
19 15 GET 50 149.000000
19 15 PUT 50 149.000000
19 16 GET 50 304.000000
19 16 PUT 50 304.000000
19 17 GET 50 210.000000
19 17 PUT 50 210.000000
19 18 GET 50 221.000000
19 18 PUT 50 221.000000
19 19 GET 50 0
19 19 PUT 50 0
19 2 GET 50 8.000000
19 2 PUT 50 8.000000
19 20 GET 50 223.000000
19 20 PUT 50 223.000000
19 21 GET 50 88.000000
19 21 PUT 50 88.000000
19 22 GET 50 198.000000
19 22 PUT 50 198.000000
19 23 GET 50 203.000000
19 23 PUT 50 203.000000
19 24 GET 50 124.000000
19 24 PUT 50 124.000000
19 25 GET 50 128.000000
19 25 PUT 50 128.000000
19 26 GET 50 122.000000
19 26 PUT 50 122.000000
19 27 GET 50 130.000000
19 27 PUT 50 130.000000
19 28 GET 50 215.000000
19 28 PUT 50 215.000000
19 29 GET 50 135.000000
19 29 PUT 50 135.000000
19 3 GET 50 55.000000
19 3 PUT 50 55.000000
19 30 GET 50 246.000000
19 30 PUT 50 246.000000
19 31 GET 50 57.000000
19 31 PUT 50 57.000000
19 32 GET 50 25.000000
19 32 PUT 50 25.000000
19 33 GET 50 123.000000
19 33 PUT 50 123.000000
19 34 GET 50 135.000000
19 34 PUT 50 135.000000
19 35 GET 50 246.000000
19 35 PUT 50 246.000000
19 36 GET 50 129.000000
19 36 PUT 50 129.000000
19 37 GET 50 231.000000
19 37 PUT 50 231.000000
19 38 GET 50 225.000000
19 38 PUT 50 225.000000
19 39 GET 50 101.000000
19 39 PUT 50 101.000000
19 4 GET 50 209.000000
19 4 PUT 50 209.000000
19 40 GET 50 123.000000
19 40 PUT 50 123.000000
19 41 GET 50 56.000000
19 41 PUT 50 56.000000
19 42 GET 50 251.000000
19 42 PUT 50 251.000000
19 43 GET 50 239.000000
19 43 PUT 50 239.000000
19 44 GET 50 243.000000
19 44 PUT 50 243.000000
19 45 GET 50 226.000000
19 45 PUT 50 226.000000
19 5 GET 50 197.000000
19 5 PUT 50 197.000000
19 6 GET 50 127.000000
19 6 PUT 50 127.000000
19 7 GET 50 134.000000
19 7 PUT 50 134.000000
19 9 GET 50 303.000000
19 9 PUT 50 303.000000
2 0 GET 50 121.000000
2 0 PUT 50 121.000000
2 1 GET 50 156.000000
2 1 PUT 50 156.000000
2 10 GET 50 184.000000
2 10 PUT 50 184.000000
2 11 GET 50 193.000000
2 11 PUT 50 193.000000
2 12 GET 50 232.000000
2 12 PUT 50 232.000000
2 13 GET 50 221.000000
2 13 PUT 50 221.000000
2 14 GET 50 156.000000
2 14 PUT 50 156.000000
2 15 GET 50 146.000000
2 15 PUT 50 146.000000
2 16 GET 50 298.000000
2 16 PUT 50 298.000000
2 17 GET 50 202.000000
2 17 PUT 50 202.000000
2 18 GET 50 214.000000
2 18 PUT 50 214.000000
2 19 GET 50 7.000000
2 19 PUT 50 7.000000
2 2 GET 50 0
2 2 PUT 50 0
2 20 GET 50 235.000000
2 20 PUT 50 235.000000
2 21 GET 50 91.000000
2 21 PUT 50 91.000000
2 22 GET 50 196.000000
2 22 PUT 50 196.000000
2 23 GET 50 199.000000
2 23 PUT 50 199.000000
2 24 GET 50 120.000000
2 24 PUT 50 120.000000
2 25 GET 50 132.000000
2 25 PUT 50 132.000000
2 26 GET 50 119.000000
2 26 PUT 50 119.000000
2 27 GET 50 134.000000
2 27 PUT 50 134.000000
2 28 GET 50 208.000000
2 28 PUT 50 208.000000
2 29 GET 50 135.000000
2 29 PUT 50 135.000000
2 3 GET 50 55.000000
2 3 PUT 50 55.000000
2 30 GET 50 241.000000
2 30 PUT 50 241.000000
2 31 GET 50 54.000000
2 31 PUT 50 54.000000
2 32 GET 50 21.000000
2 32 PUT 50 21.000000
2 33 GET 50 118.000000
2 33 PUT 50 118.000000
2 34 GET 50 119.000000
2 34 PUT 50 119.000000
2 35 GET 50 249.000000
2 35 PUT 50 249.000000
2 36 GET 50 132.000000
2 36 PUT 50 132.000000
2 37 GET 50 233.000000
2 37 PUT 50 233.000000
2 38 GET 50 229.000000
2 38 PUT 50 229.000000
2 39 GET 50 106.000000
2 39 PUT 50 106.000000
2 4 GET 50 223.000000
2 4 PUT 50 223.000000
2 40 GET 50 126.000000
2 40 PUT 50 126.000000
2 41 GET 50 58.000000
2 41 PUT 50 58.000000
2 42 GET 50 246.000000
2 42 PUT 50 246.000000
2 43 GET 50 251.000000
2 43 PUT 50 251.000000
2 44 GET 50 253.000000
2 44 PUT 50 253.000000
2 45 GET 50 254.000000
2 45 PUT 50 254.000000
2 5 GET 50 198.000000
2 5 PUT 50 198.000000
2 6 GET 50 112.000000
2 6 PUT 50 112.000000
2 7 GET 50 122.000000
2 7 PUT 50 122.000000
2 8 GET 50 118.000000
2 8 PUT 50 118.000000
2 9 GET 50 304.000000
2 9 PUT 50 304.000000
20 0 GET 50 141.000000
20 0 PUT 50 141.000000
20 1 GET 50 178.000000
20 1 PUT 50 178.000000
20 10 GET 50 41.000000
20 10 PUT 50 41.000000
20 11 GET 50 47.000000
20 11 PUT 50 47.000000
20 12 GET 50 40.000000
20 12 PUT 50 40.000000
20 13 GET 50 48.000000
20 13 PUT 50 48.000000
20 14 GET 50 216.000000
20 14 PUT 50 216.000000
20 15 GET 50 226.000000
20 15 PUT 50 226.000000
20 16 GET 50 156.000000
20 16 PUT 50 156.000000
20 17 GET 50 31.000000
20 17 PUT 50 31.000000
20 18 GET 50 42.000000
20 18 PUT 50 42.000000
20 19 GET 50 221.000000
20 19 PUT 50 221.000000
20 2 GET 50 237.000000
20 2 PUT 50 237.000000
20 20 GET 50 0
20 20 PUT 50 0
20 21 GET 50 185.000000
20 21 PUT 50 185.000000
20 22 GET 50 35.000000
20 22 PUT 50 35.000000
20 23 GET 50 41.000000
20 23 PUT 50 41.000000
20 24 GET 50 143.000000
20 24 PUT 50 143.000000
20 25 GET 50 135.000000
20 25 PUT 50 135.000000
20 26 GET 50 176.000000
20 26 PUT 50 176.000000
20 27 GET 50 183.000000
20 27 PUT 50 183.000000
20 28 GET 50 23.000000
20 28 PUT 50 23.000000
20 29 GET 50 128.000000
20 29 PUT 50 128.000000
20 3 GET 50 240.000000
20 3 PUT 50 240.000000
20 30 GET 50 28.000000
20 30 PUT 50 28.000000
20 31 GET 50 208.000000
20 31 PUT 50 208.000000
20 32 GET 50 239.000000
20 32 PUT 50 239.000000
20 33 GET 50 110.000000
20 33 PUT 50 110.000000
20 34 GET 50 112.000000
20 34 PUT 50 112.000000
20 35 GET 50 19.000000
20 35 PUT 50 19.000000
20 36 GET 50 117.000000
20 36 PUT 50 117.000000
20 37 GET 50 51.000000
20 37 PUT 50 51.000000
20 38 GET 50 39.000000
20 38 PUT 50 39.000000
20 39 GET 50 184.000000
20 39 PUT 50 184.000000
20 4 GET 50 272.000000
20 4 PUT 50 272.000000
20 40 GET 50 145.000000
20 40 PUT 50 145.000000
20 41 GET 50 209.000000
20 41 PUT 50 209.000000
20 42 GET 50 122.000000
20 42 PUT 50 122.000000
20 43 GET 50 29.000000
20 43 PUT 50 29.000000
20 44 GET 50 46.000000
20 44 PUT 50 46.000000
20 45 GET 50 51.000000
20 45 PUT 50 51.000000
20 5 GET 50 55.000000
20 5 PUT 50 55.000000
20 6 GET 50 126.000000
20 6 PUT 50 126.000000
20 7 GET 50 104.000000
20 7 PUT 50 104.000000
20 8 GET 50 116.000000
20 8 PUT 50 116.000000
20 9 GET 50 155.000000
20 9 PUT 50 155.000000
21 0 GET 50 83.000000
21 0 PUT 50 83.000000
21 1 GET 50 68.000000
21 1 PUT 50 68.000000
21 10 GET 50 214.000000
21 10 PUT 50 214.000000
21 11 GET 50 220.000000
21 11 PUT 50 220.000000
21 12 GET 50 150.000000
21 12 PUT 50 150.000000
21 13 GET 50 159.000000
21 13 PUT 50 159.000000
21 14 GET 50 139.000000
21 14 PUT 50 139.000000
21 15 GET 50 133.000000
21 15 PUT 50 133.000000
21 16 GET 50 320.000000
21 16 PUT 50 320.000000
21 17 GET 50 218.000000
21 17 PUT 50 218.000000
21 18 GET 50 229.000000
21 18 PUT 50 229.000000
21 19 GET 50 89.000000
21 19 PUT 50 89.000000
21 2 GET 50 94.000000
21 2 PUT 50 94.000000
21 20 GET 50 188.000000
21 20 PUT 50 188.000000
21 21 GET 50 0
21 21 PUT 50 0
21 22 GET 50 208.000000
21 22 PUT 50 208.000000
21 23 GET 50 206.000000
21 23 PUT 50 206.000000
21 24 GET 50 55.000000
21 24 PUT 50 55.000000
21 25 GET 50 62.000000
21 25 PUT 50 62.000000
21 26 GET 50 41.000000
21 26 PUT 50 41.000000
21 27 GET 50 48.000000
21 27 PUT 50 48.000000
21 28 GET 50 205.000000
21 28 PUT 50 205.000000
21 29 GET 50 227.000000
21 29 PUT 50 227.000000
21 3 GET 50 37.000000
21 3 PUT 50 37.000000
21 30 GET 50 179.000000
21 30 PUT 50 179.000000
21 31 GET 50 41.000000
21 31 PUT 50 41.000000
21 32 GET 50 71.000000
21 32 PUT 50 71.000000
21 33 GET 50 213.000000
21 33 PUT 50 213.000000
21 34 GET 50 202.000000
21 34 PUT 50 202.000000
21 35 GET 50 174.000000
21 35 PUT 50 174.000000
21 36 GET 50 218.000000
21 36 PUT 50 218.000000
21 37 GET 50 151.000000
21 37 PUT 50 151.000000
21 38 GET 50 155.000000
21 38 PUT 50 155.000000
21 39 GET 50 16.000000
21 39 PUT 50 16.000000
21 4 GET 50 160.000000
21 4 PUT 50 160.000000
21 40 GET 50 53.000000
21 40 PUT 50 53.000000
21 41 GET 50 39.000000
21 41 PUT 50 39.000000
21 42 GET 50 243.000000
21 42 PUT 50 243.000000
21 43 GET 50 182.000000
21 43 PUT 50 182.000000
21 44 GET 50 212.000000
21 44 PUT 50 212.000000
21 45 GET 50 147.000000
21 45 PUT 50 147.000000
21 5 GET 50 227.000000
21 5 PUT 50 227.000000
21 6 GET 50 221.000000
21 6 PUT 50 221.000000
21 7 GET 50 233.000000
21 7 PUT 50 233.000000
21 9 GET 50 317.000000
21 9 PUT 50 317.000000
22 0 GET 50 159.000000
22 0 PUT 50 159.000000
22 1 GET 50 197.000000
22 1 PUT 50 197.000000
22 10 GET 50 6.000000
22 10 PUT 50 6.000000
22 11 GET 50 20.000000
22 11 PUT 50 20.000000
22 12 GET 50 69.000000
22 12 PUT 50 69.000000
22 13 GET 50 85.000000
22 13 PUT 50 85.000000
22 14 GET 50 227.000000
22 14 PUT 50 227.000000
22 15 GET 50 238.000000
22 15 PUT 50 238.000000
22 16 GET 50 129.000000
22 16 PUT 50 129.000000
22 17 GET 50 29.000000
22 17 PUT 50 29.000000
22 18 GET 50 40.000000
22 18 PUT 50 40.000000
22 19 GET 50 203.000000
22 19 PUT 50 203.000000
22 2 GET 50 202.000000
22 2 PUT 50 202.000000
22 20 GET 50 37.000000
22 20 PUT 50 37.000000
22 21 GET 50 212.000000
22 21 PUT 50 212.000000
22 22 GET 50 0
22 22 PUT 50 0
22 23 GET 50 10.000000
22 23 PUT 50 10.000000
22 24 GET 50 159.000000
22 24 PUT 50 159.000000
22 25 GET 50 171.000000
22 25 PUT 50 171.000000
22 26 GET 50 195.000000
22 26 PUT 50 195.000000
22 27 GET 50 202.000000
22 27 PUT 50 202.000000
22 28 GET 50 24.000000
22 28 PUT 50 24.000000
22 29 GET 50 90.000000
22 29 PUT 50 90.000000
22 3 GET 50 261.000000
22 3 PUT 50 261.000000
22 30 GET 50 47.000000
22 30 PUT 50 47.000000
22 31 GET 50 229.000000
22 31 PUT 50 229.000000
22 32 GET 50 213.000000
22 32 PUT 50 213.000000
22 33 GET 50 81.000000
22 33 PUT 50 81.000000
22 34 GET 50 82.000000
22 34 PUT 50 82.000000
22 35 GET 50 55.000000
22 35 PUT 50 55.000000
22 36 GET 50 88.000000
22 36 PUT 50 88.000000
22 37 GET 50 82.000000
22 37 PUT 50 82.000000
22 38 GET 50 78.000000
22 38 PUT 50 78.000000
22 39 GET 50 204.000000
22 39 PUT 50 204.000000
22 4 GET 50 275.000000
22 4 PUT 50 275.000000
22 40 GET 50 158.000000
22 40 PUT 50 158.000000
22 41 GET 50 231.000000
22 41 PUT 50 231.000000
22 42 GET 50 87.000000
22 42 PUT 50 87.000000
22 43 GET 50 30.000000
22 43 PUT 50 30.000000
22 44 GET 50 17.000000
22 44 PUT 50 17.000000
22 45 GET 50 73.000000
22 45 PUT 50 73.000000
22 5 GET 50 19.000000
22 5 PUT 50 19.000000
22 6 GET 50 97.000000
22 6 PUT 50 97.000000
22 7 GET 50 90.000000
22 7 PUT 50 90.000000
22 8 GET 50 84.000000
22 8 PUT 50 84.000000
22 9 GET 50 127.000000
22 9 PUT 50 127.000000
23 0 GET 50 153.000000
23 0 PUT 50 153.000000
23 1 GET 50 190.000000
23 1 PUT 50 190.000000
23 10 GET 50 8.000000
23 10 PUT 50 8.000000
23 11 GET 50 23.000000
23 11 PUT 50 23.000000
23 12 GET 50 62.000000
23 12 PUT 50 62.000000
23 13 GET 50 85.000000
23 13 PUT 50 85.000000
23 14 GET 50 220.000000
23 14 PUT 50 220.000000
23 15 GET 50 230.000000
23 15 PUT 50 230.000000
23 16 GET 50 136.000000
23 16 PUT 50 136.000000
23 17 GET 50 32.000000
23 17 PUT 50 32.000000
23 18 GET 50 43.000000
23 18 PUT 50 43.000000
23 19 GET 50 203.000000
23 19 PUT 50 203.000000
23 2 GET 50 201.000000
23 2 PUT 50 201.000000
23 20 GET 50 41.000000
23 20 PUT 50 41.000000
23 21 GET 50 204.000000
23 21 PUT 50 204.000000
23 22 GET 50 10.000000
23 22 PUT 50 10.000000
23 23 GET 50 0
23 23 PUT 50 0
23 24 GET 50 154.000000
23 24 PUT 50 154.000000
23 25 GET 50 161.000000
23 25 PUT 50 161.000000
23 26 GET 50 187.000000
23 26 PUT 50 187.000000
23 27 GET 50 195.000000
23 27 PUT 50 195.000000
23 28 GET 50 27.000000
23 28 PUT 50 27.000000
23 29 GET 50 92.000000
23 29 PUT 50 92.000000
23 3 GET 50 253.000000
23 3 PUT 50 253.000000
23 30 GET 50 31.000000
23 30 PUT 50 31.000000
23 31 GET 50 221.000000
23 31 PUT 50 221.000000
23 32 GET 50 253.000000
23 32 PUT 50 253.000000
23 33 GET 50 83.000000
23 33 PUT 50 83.000000
23 34 GET 50 84.000000
23 34 PUT 50 84.000000
23 35 GET 50 60.000000
23 35 PUT 50 60.000000
23 36 GET 50 90.000000
23 36 PUT 50 90.000000
23 37 GET 50 70.000000
23 37 PUT 50 70.000000
23 38 GET 50 81.000000
23 38 PUT 50 81.000000
23 39 GET 50 199.000000
23 39 PUT 50 199.000000
23 4 GET 50 265.000000
23 4 PUT 50 265.000000
23 40 GET 50 155.000000
23 40 PUT 50 155.000000
23 41 GET 50 226.000000
23 41 PUT 50 226.000000
23 42 GET 50 89.000000
23 42 PUT 50 89.000000
23 43 GET 50 33.000000
23 43 PUT 50 33.000000
23 44 GET 50 19.000000
23 44 PUT 50 19.000000
23 45 GET 50 78.000000
23 45 PUT 50 78.000000
23 5 GET 50 22.000000
23 5 PUT 50 22.000000
23 6 GET 50 99.000000
23 6 PUT 50 99.000000
23 7 GET 50 91.000000
23 7 PUT 50 91.000000
23 8 GET 50 86.000000
23 8 PUT 50 86.000000
23 9 GET 50 133.000000
23 9 PUT 50 133.000000
24 0 GET 50 6.000000
24 0 PUT 50 6.000000
24 1 GET 50 40.000000
24 1 PUT 50 40.000000
24 10 GET 50 158.000000
24 10 PUT 50 158.000000
24 11 GET 50 163.000000
24 11 PUT 50 163.000000
24 12 GET 50 107.000000
24 12 PUT 50 107.000000
24 13 GET 50 107.000000
24 13 PUT 50 107.000000
24 14 GET 50 108.000000
24 14 PUT 50 108.000000
24 15 GET 50 119.000000
24 15 PUT 50 119.000000
24 16 GET 50 260.000000
24 16 PUT 50 260.000000
24 17 GET 50 167.000000
24 17 PUT 50 167.000000
24 18 GET 50 178.000000
24 18 PUT 50 178.000000
24 19 GET 50 121.000000
24 19 PUT 50 121.000000
24 2 GET 50 119.000000
24 2 PUT 50 119.000000
24 20 GET 50 141.000000
24 20 PUT 50 141.000000
24 21 GET 50 53.000000
24 21 PUT 50 53.000000
24 22 GET 50 152.000000
24 22 PUT 50 152.000000
24 23 GET 50 150.000000
24 23 PUT 50 150.000000
24 24 GET 50 0
24 24 PUT 50 0
24 25 GET 50 11.000000
24 25 PUT 50 11.000000
24 26 GET 50 37.000000
24 26 PUT 50 37.000000
24 27 GET 50 44.000000
24 27 PUT 50 44.000000
24 28 GET 50 155.000000
24 28 PUT 50 155.000000
24 29 GET 50 240.000000
24 29 PUT 50 240.000000
24 3 GET 50 101.000000
24 3 PUT 50 101.000000
24 30 GET 50 124.000000
24 30 PUT 50 124.000000
24 31 GET 50 70.000000
24 31 PUT 50 70.000000
24 32 GET 50 102.000000
24 32 PUT 50 102.000000
24 33 GET 50 226.000000
24 33 PUT 50 226.000000
24 34 GET 50 227.000000
24 34 PUT 50 227.000000
24 35 GET 50 126.000000
24 35 PUT 50 126.000000
24 36 GET 50 232.000000
24 36 PUT 50 232.000000
24 37 GET 50 108.000000
24 37 PUT 50 108.000000
24 38 GET 50 106.000000
24 38 PUT 50 106.000000
24 39 GET 50 50.000000
24 39 PUT 50 50.000000
24 4 GET 50 139.000000
24 4 PUT 50 139.000000
24 40 GET 50 2.000000
24 40 PUT 50 2.000000
24 41 GET 50 69.000000
24 41 PUT 50 69.000000
24 42 GET 50 230.000000
24 42 PUT 50 230.000000
24 43 GET 50 145.000000
24 43 PUT 50 145.000000
24 44 GET 50 162.000000
24 44 PUT 50 162.000000
24 45 GET 50 100.000000
24 45 PUT 50 100.000000
24 5 GET 50 170.000000
24 5 PUT 50 170.000000
24 6 GET 50 240.000000
24 6 PUT 50 240.000000
24 7 GET 50 236.000000
24 7 PUT 50 236.000000
24 8 GET 50 228.000000
24 8 PUT 50 228.000000
24 9 GET 50 258.000000
24 9 PUT 50 258.000000
25 0 GET 50 11.000000
25 0 PUT 50 11.000000
25 1 GET 50 47.000000
25 1 PUT 50 47.000000
25 10 GET 50 169.000000
25 10 PUT 50 169.000000
25 11 GET 50 175.000000
25 11 PUT 50 175.000000
25 12 GET 50 112.000000
25 12 PUT 50 112.000000
25 13 GET 50 101.000000
25 13 PUT 50 101.000000
25 14 GET 50 117.000000
25 14 PUT 50 117.000000
25 15 GET 50 128.000000
25 15 PUT 50 128.000000
25 16 GET 50 272.000000
25 16 PUT 50 272.000000
25 17 GET 50 162.000000
25 17 PUT 50 162.000000
25 18 GET 50 173.000000
25 18 PUT 50 173.000000
25 19 GET 50 128.000000
25 19 PUT 50 128.000000
25 2 GET 50 133.000000
25 2 PUT 50 133.000000
25 20 GET 50 135.000000
25 20 PUT 50 135.000000
25 21 GET 50 61.000000
25 21 PUT 50 61.000000
25 22 GET 50 167.000000
25 22 PUT 50 167.000000
25 23 GET 50 160.000000
25 23 PUT 50 160.000000
25 24 GET 50 11.000000
25 24 PUT 50 11.000000
25 25 GET 50 0
25 25 PUT 50 0
25 26 GET 50 46.000000
25 26 PUT 50 46.000000
25 27 GET 50 53.000000
25 27 PUT 50 53.000000
25 28 GET 50 150.000000
25 28 PUT 50 150.000000
25 29 GET 50 237.000000
25 29 PUT 50 237.000000
25 3 GET 50 110.000000
25 3 PUT 50 110.000000
25 30 GET 50 134.000000
25 30 PUT 50 134.000000
25 31 GET 50 77.000000
25 31 PUT 50 77.000000
25 32 GET 50 108.000000
25 32 PUT 50 108.000000
25 33 GET 50 242.000000
25 33 PUT 50 242.000000
25 34 GET 50 243.000000
25 34 PUT 50 243.000000
25 35 GET 50 120.000000
25 35 PUT 50 120.000000
25 36 GET 50 248.000000
25 36 PUT 50 248.000000
25 37 GET 50 113.000000
25 37 PUT 50 113.000000
25 38 GET 50 100.000000
25 38 PUT 50 100.000000
25 39 GET 50 58.000000
25 39 PUT 50 58.000000
25 4 GET 50 149.000000
25 4 PUT 50 149.000000
25 40 GET 50 10.000000
25 40 PUT 50 10.000000
25 41 GET 50 78.000000
25 41 PUT 50 78.000000
25 42 GET 50 243.000000
25 42 PUT 50 243.000000
25 43 GET 50 147.000000
25 43 PUT 50 147.000000
25 44 GET 50 175.000000
25 44 PUT 50 175.000000
25 45 GET 50 102.000000
25 45 PUT 50 102.000000
25 5 GET 50 183.000000
25 5 PUT 50 183.000000
25 6 GET 50 256.000000
25 6 PUT 50 256.000000
25 7 GET 50 241.000000
25 7 PUT 50 241.000000
25 8 GET 50 246.000000
25 8 PUT 50 246.000000
25 9 GET 50 270.000000
25 9 PUT 50 270.000000
26 0 GET 50 37.000000
26 0 PUT 50 37.000000
26 1 GET 50 9.000000
26 1 PUT 50 9.000000
26 10 GET 50 190.000000
26 10 PUT 50 190.000000
26 11 GET 50 196.000000
26 11 PUT 50 196.000000
26 12 GET 50 140.000000
26 12 PUT 50 140.000000
26 13 GET 50 140.000000
26 13 PUT 50 140.000000
26 14 GET 50 140.000000
26 14 PUT 50 140.000000
26 15 GET 50 152.000000
26 15 PUT 50 152.000000
26 16 GET 50 293.000000
26 16 PUT 50 293.000000
26 17 GET 50 200.000000
26 17 PUT 50 200.000000
26 18 GET 50 210.000000
26 18 PUT 50 210.000000
26 19 GET 50 119.000000
26 19 PUT 50 119.000000
26 2 GET 50 119.000000
26 2 PUT 50 119.000000
26 20 GET 50 173.000000
26 20 PUT 50 173.000000
26 21 GET 50 39.000000
26 21 PUT 50 39.000000
26 22 GET 50 186.000000
26 22 PUT 50 186.000000
26 23 GET 50 183.000000
26 23 PUT 50 183.000000
26 24 GET 50 37.000000
26 24 PUT 50 37.000000
26 25 GET 50 44.000000
26 25 PUT 50 44.000000
26 26 GET 50 0
26 26 PUT 50 0
26 27 GET 50 11.000000
26 27 PUT 50 11.000000
26 28 GET 50 187.000000
26 28 PUT 50 187.000000
26 29 GET 50 273.000000
26 29 PUT 50 273.000000
26 3 GET 50 83.000000
26 3 PUT 50 83.000000
26 30 GET 50 157.000000
26 30 PUT 50 157.000000
26 31 GET 50 68.000000
26 31 PUT 50 68.000000
26 32 GET 50 100.000000
26 32 PUT 50 100.000000
26 33 GET 50 259.000000
26 33 PUT 50 259.000000
26 34 GET 50 259.000000
26 34 PUT 50 259.000000
26 35 GET 50 159.000000
26 35 PUT 50 159.000000
26 36 GET 50 266.000000
26 36 PUT 50 266.000000
26 37 GET 50 141.000000
26 37 PUT 50 141.000000
26 38 GET 50 139.000000
26 38 PUT 50 139.000000
26 39 GET 50 59.000000
26 39 PUT 50 59.000000
26 4 GET 50 138.000000
26 4 PUT 50 138.000000
26 40 GET 50 36.000000
26 40 PUT 50 36.000000
26 41 GET 50 85.000000
26 41 PUT 50 85.000000
26 42 GET 50 261.000000
26 42 PUT 50 261.000000
26 43 GET 50 178.000000
26 43 PUT 50 178.000000
26 44 GET 50 195.000000
26 44 PUT 50 195.000000
26 45 GET 50 133.000000
26 45 PUT 50 133.000000
26 5 GET 50 204.000000
26 5 PUT 50 204.000000
26 6 GET 50 272.000000
26 6 PUT 50 272.000000
26 7 GET 50 269.000000
26 7 PUT 50 269.000000
26 8 GET 50 261.000000
26 8 PUT 50 261.000000
26 9 GET 50 291.000000
26 9 PUT 50 291.000000
27 0 GET 50 46.000000
27 0 PUT 50 46.000000
27 1 GET 50 17.000000
27 1 PUT 50 17.000000
27 10 GET 50 203.000000
27 10 PUT 50 203.000000
27 11 GET 50 209.000000
27 11 PUT 50 209.000000
27 12 GET 50 152.000000
27 12 PUT 50 152.000000
27 13 GET 50 151.000000
27 13 PUT 50 151.000000
27 14 GET 50 152.000000
27 14 PUT 50 152.000000
27 15 GET 50 163.000000
27 15 PUT 50 163.000000
27 16 GET 50 308.000000
27 16 PUT 50 308.000000
27 17 GET 50 212.000000
27 17 PUT 50 212.000000
27 18 GET 50 223.000000
27 18 PUT 50 223.000000
27 19 GET 50 130.000000
27 19 PUT 50 130.000000
27 2 GET 50 136.000000
27 2 PUT 50 136.000000
27 20 GET 50 186.000000
27 20 PUT 50 186.000000
27 21 GET 50 48.000000
27 21 PUT 50 48.000000
27 22 GET 50 199.000000
27 22 PUT 50 199.000000
27 23 GET 50 196.000000
27 23 PUT 50 196.000000
27 24 GET 50 46.000000
27 24 PUT 50 46.000000
27 25 GET 50 53.000000
27 25 PUT 50 53.000000
27 26 GET 50 12.000000
27 26 PUT 50 12.000000
27 27 GET 50 0
27 27 PUT 50 0
27 28 GET 50 200.000000
27 28 PUT 50 200.000000
27 29 GET 50 288.000000
27 29 PUT 50 288.000000
27 3 GET 50 94.000000
27 3 PUT 50 94.000000
27 30 GET 50 169.000000
27 30 PUT 50 169.000000
27 31 GET 50 78.000000
27 31 PUT 50 78.000000
27 32 GET 50 110.000000
27 32 PUT 50 110.000000
27 33 GET 50 274.000000
27 33 PUT 50 274.000000
27 34 GET 50 273.000000
27 34 PUT 50 273.000000
27 35 GET 50 170.000000
27 35 PUT 50 170.000000
27 36 GET 50 280.000000
27 36 PUT 50 280.000000
27 37 GET 50 152.000000
27 37 PUT 50 152.000000
27 38 GET 50 150.000000
27 38 PUT 50 150.000000
27 39 GET 50 70.000000
27 39 PUT 50 70.000000
27 4 GET 50 150.000000
27 4 PUT 50 150.000000
27 40 GET 50 45.000000
27 40 PUT 50 45.000000
27 41 GET 50 95.000000
27 41 PUT 50 95.000000
27 42 GET 50 276.000000
27 42 PUT 50 276.000000
27 43 GET 50 190.000000
27 43 PUT 50 190.000000
27 44 GET 50 208.000000
27 44 PUT 50 208.000000
27 45 GET 50 145.000000
27 45 PUT 50 145.000000
27 5 GET 50 217.000000
27 5 PUT 50 217.000000
27 6 GET 50 287.000000
27 6 PUT 50 287.000000
27 7 GET 50 284.000000
27 7 PUT 50 284.000000
27 8 GET 50 276.000000
27 8 PUT 50 276.000000
27 9 GET 50 306.000000
27 9 PUT 50 306.000000
28 0 GET 50 156.000000
28 0 PUT 50 156.000000
28 1 GET 50 193.000000
28 1 PUT 50 193.000000
28 10 GET 50 20.000000
28 10 PUT 50 20.000000
28 11 GET 50 21.000000
28 11 PUT 50 21.000000
28 12 GET 50 55.000000
28 12 PUT 50 55.000000
28 13 GET 50 63.000000
28 13 PUT 50 63.000000
28 14 GET 50 231.000000
28 14 PUT 50 231.000000
28 15 GET 50 243.000000
28 15 PUT 50 243.000000
28 16 GET 50 144.000000
28 16 PUT 50 144.000000
28 17 GET 50 19.000000
28 17 PUT 50 19.000000
28 18 GET 50 30.000000
28 18 PUT 50 30.000000
28 19 GET 50 214.000000
28 19 PUT 50 214.000000
28 2 GET 50 209.000000
28 2 PUT 50 209.000000
28 20 GET 50 22.000000
28 20 PUT 50 22.000000
28 21 GET 50 202.000000
28 21 PUT 50 202.000000
28 22 GET 50 22.000000
28 22 PUT 50 22.000000
28 23 GET 50 27.000000
28 23 PUT 50 27.000000
28 24 GET 50 157.000000
28 24 PUT 50 157.000000
28 25 GET 50 149.000000
28 25 PUT 50 149.000000
28 26 GET 50 190.000000
28 26 PUT 50 190.000000
28 27 GET 50 198.000000
28 27 PUT 50 198.000000
28 28 GET 50 0
28 28 PUT 50 0
28 29 GET 50 93.000000
28 29 PUT 50 93.000000
28 3 GET 50 255.000000
28 3 PUT 50 255.000000
28 30 GET 50 43.000000
28 30 PUT 50 43.000000
28 31 GET 50 222.000000
28 31 PUT 50 222.000000
28 32 GET 50 253.000000
28 32 PUT 50 253.000000
28 33 GET 50 97.000000
28 33 PUT 50 97.000000
28 34 GET 50 98.000000
28 34 PUT 50 98.000000
28 35 GET 50 52.000000
28 35 PUT 50 52.000000
28 36 GET 50 104.000000
28 36 PUT 50 104.000000
28 37 GET 50 68.000000
28 37 PUT 50 68.000000
28 38 GET 50 57.000000
28 38 PUT 50 57.000000
28 39 GET 50 190.000000
28 39 PUT 50 190.000000
28 4 GET 50 274.000000
28 4 PUT 50 274.000000
28 40 GET 50 147.000000
28 40 PUT 50 147.000000
28 41 GET 50 218.000000
28 41 PUT 50 218.000000
28 42 GET 50 100.000000
28 42 PUT 50 100.000000
28 43 GET 50 13.000000
28 43 PUT 50 13.000000
28 44 GET 50 30.000000
28 44 PUT 50 30.000000
28 45 GET 50 55.000000
28 45 PUT 50 55.000000
28 5 GET 50 30.000000
28 5 PUT 50 30.000000
28 6 GET 50 113.000000
28 6 PUT 50 113.000000
28 7 GET 50 92.000000
28 7 PUT 50 92.000000
28 8 GET 50 103.000000
28 8 PUT 50 103.000000
28 9 GET 50 142.000000
28 9 PUT 50 142.000000
29 0 GET 50 241.000000
29 0 PUT 50 241.000000
29 1 GET 50 272.000000
29 1 PUT 50 272.000000
29 10 GET 50 82.000000
29 10 PUT 50 82.000000
29 11 GET 50 92.000000
29 11 PUT 50 92.000000
29 12 GET 50 137.000000
29 12 PUT 50 137.000000
29 13 GET 50 146.000000
29 13 PUT 50 146.000000
29 14 GET 50 312.000000
29 14 PUT 50 312.000000
29 15 GET 50 323.000000
29 15 PUT 50 323.000000
29 16 GET 50 190.000000
29 16 PUT 50 190.000000
29 17 GET 50 77.000000
29 17 PUT 50 77.000000
29 18 GET 50 88.000000
29 18 PUT 50 88.000000
29 19 GET 50 130.000000
29 19 PUT 50 130.000000
29 2 GET 50 132.000000
29 2 PUT 50 132.000000
29 20 GET 50 124.000000
29 20 PUT 50 124.000000
29 21 GET 50 216.000000
29 21 PUT 50 216.000000
29 22 GET 50 84.000000
29 22 PUT 50 84.000000
29 23 GET 50 88.000000
29 23 PUT 50 88.000000
29 24 GET 50 237.000000
29 24 PUT 50 237.000000
29 25 GET 50 229.000000
29 25 PUT 50 229.000000
29 26 GET 50 269.000000
29 26 PUT 50 269.000000
29 27 GET 50 276.000000
29 27 PUT 50 276.000000
29 28 GET 50 90.000000
29 28 PUT 50 90.000000
29 29 GET 50 0
29 29 PUT 50 0
29 3 GET 50 179.000000
29 3 PUT 50 179.000000
29 30 GET 50 126.000000
29 30 PUT 50 126.000000
29 31 GET 50 173.000000
29 31 PUT 50 173.000000
29 32 GET 50 145.000000
29 32 PUT 50 145.000000
29 33 GET 50 14.000000
29 33 PUT 50 14.000000
29 34 GET 50 17.000000
29 34 PUT 50 17.000000
29 35 GET 50 118.000000
29 35 PUT 50 118.000000
29 36 GET 50 23.000000
29 36 PUT 50 23.000000
29 37 GET 50 147.000000
29 37 PUT 50 147.000000
29 38 GET 50 143.000000
29 38 PUT 50 143.000000
29 39 GET 50 234.000000
29 39 PUT 50 234.000000
29 4 GET 50 345.000000
29 4 PUT 50 345.000000
29 40 GET 50 232.000000
29 40 PUT 50 232.000000
29 41 GET 50 248.000000
29 41 PUT 50 248.000000
29 42 GET 50 18.000000
29 42 PUT 50 18.000000
29 43 GET 50 104.000000
29 43 PUT 50 104.000000
29 44 GET 50 96.000000
29 44 PUT 50 96.000000
29 45 GET 50 143.000000
29 45 PUT 50 143.000000
29 5 GET 50 87.000000
29 5 PUT 50 87.000000
29 6 GET 50 28.000000
29 6 PUT 50 28.000000
29 7 GET 50 3.000000
29 7 PUT 50 3.000000
29 8 GET 50 18.000000
29 8 PUT 50 18.000000
29 9 GET 50 188.000000
29 9 PUT 50 188.000000
3 0 GET 50 71.000000
3 0 PUT 50 71.000000
3 1 GET 50 101.000000
3 1 PUT 50 101.000000
3 10 GET 50 225.000000
3 10 PUT 50 225.000000
3 11 GET 50 224.000000
3 11 PUT 50 224.000000
3 12 GET 50 174.000000
3 12 PUT 50 174.000000
3 13 GET 50 162.000000
3 13 PUT 50 162.000000
3 14 GET 50 103.000000
3 14 PUT 50 103.000000
3 15 GET 50 94.000000
3 15 PUT 50 94.000000
3 16 GET 50 361.000000
3 16 PUT 50 361.000000
3 17 GET 50 266.000000
3 17 PUT 50 266.000000
3 18 GET 50 277.000000
3 18 PUT 50 277.000000
3 19 GET 50 53.000000
3 19 PUT 50 53.000000
3 2 GET 50 55.000000
3 2 PUT 50 55.000000
3 20 GET 50 239.000000
3 20 PUT 50 239.000000
3 21 GET 50 36.000000
3 21 PUT 50 36.000000
3 22 GET 50 253.000000
3 22 PUT 50 253.000000
3 23 GET 50 250.000000
3 23 PUT 50 250.000000
3 24 GET 50 102.000000
3 24 PUT 50 102.000000
3 25 GET 50 109.000000
3 25 PUT 50 109.000000
3 26 GET 50 84.000000
3 26 PUT 50 84.000000
3 27 GET 50 91.000000
3 27 PUT 50 91.000000
3 28 GET 50 254.000000
3 28 PUT 50 254.000000
3 29 GET 50 184.000000
3 29 PUT 50 184.000000
3 3 GET 50 0
3 3 PUT 50 0
3 30 GET 50 223.000000
3 30 PUT 50 223.000000
3 31 GET 50 2.000000
3 31 PUT 50 2.000000
3 32 GET 50 34.000000
3 32 PUT 50 34.000000
3 33 GET 50 176.000000
3 33 PUT 50 176.000000
3 34 GET 50 165.000000
3 34 PUT 50 165.000000
3 35 GET 50 225.000000
3 35 PUT 50 225.000000
3 36 GET 50 184.000000
3 36 PUT 50 184.000000
3 37 GET 50 207.000000
3 37 PUT 50 207.000000
3 38 GET 50 204.000000
3 38 PUT 50 204.000000
3 39 GET 50 52.000000
3 39 PUT 50 52.000000
3 4 GET 50 170.000000
3 4 PUT 50 170.000000
3 40 GET 50 71.000000
3 40 PUT 50 71.000000
3 41 GET 50 4.000000
3 41 PUT 50 4.000000
3 42 GET 50 307.000000
3 42 PUT 50 307.000000
3 43 GET 50 204.000000
3 43 PUT 50 204.000000
3 44 GET 50 226.000000
3 44 PUT 50 226.000000
3 45 GET 50 170.000000
3 45 PUT 50 170.000000
3 5 GET 50 206.000000
3 5 PUT 50 206.000000
3 6 GET 50 167.000000
3 6 PUT 50 167.000000
3 7 GET 50 177.000000
3 7 PUT 50 177.000000
3 8 GET 50 169.000000
3 8 PUT 50 169.000000
3 9 GET 50 325.000000
3 9 PUT 50 325.000000
30 0 GET 50 122.000000
30 0 PUT 50 122.000000
30 1 GET 50 158.000000
30 1 PUT 50 158.000000
30 10 GET 50 36.000000
30 10 PUT 50 36.000000
30 11 GET 50 42.000000
30 11 PUT 50 42.000000
30 12 GET 50 34.000000
30 12 PUT 50 34.000000
30 13 GET 50 54.000000
30 13 PUT 50 54.000000
30 14 GET 50 187.000000
30 14 PUT 50 187.000000
30 15 GET 50 199.000000
30 15 PUT 50 199.000000
30 16 GET 50 138.000000
30 16 PUT 50 138.000000
30 17 GET 50 51.000000
30 17 PUT 50 51.000000
30 18 GET 50 62.000000
30 18 PUT 50 62.000000
30 19 GET 50 239.000000
30 19 PUT 50 239.000000
30 2 GET 50 238.000000
30 2 PUT 50 238.000000
30 20 GET 50 27.000000
30 20 PUT 50 27.000000
30 21 GET 50 173.000000
30 21 PUT 50 173.000000
30 22 GET 50 45.000000
30 22 PUT 50 45.000000
30 23 GET 50 30.000000
30 23 PUT 50 30.000000
30 24 GET 50 123.000000
30 24 PUT 50 123.000000
30 25 GET 50 130.000000
30 25 PUT 50 130.000000
30 26 GET 50 156.000000
30 26 PUT 50 156.000000
30 27 GET 50 163.000000
30 27 PUT 50 163.000000
30 28 GET 50 42.000000
30 28 PUT 50 42.000000
30 29 GET 50 127.000000
30 29 PUT 50 127.000000
30 3 GET 50 219.000000
30 3 PUT 50 219.000000
30 30 GET 50 0
30 30 PUT 50 0
30 31 GET 50 189.000000
30 31 PUT 50 189.000000
30 32 GET 50 220.000000
30 32 PUT 50 220.000000
30 33 GET 50 104.000000
30 33 PUT 50 104.000000
30 34 GET 50 106.000000
30 34 PUT 50 106.000000
30 35 GET 50 61.000000
30 35 PUT 50 61.000000
30 36 GET 50 111.000000
30 36 PUT 50 111.000000
30 37 GET 50 41.000000
30 37 PUT 50 41.000000
30 38 GET 50 65.000000
30 38 PUT 50 65.000000
30 39 GET 50 174.000000
30 39 PUT 50 174.000000
30 4 GET 50 233.000000
30 4 PUT 50 233.000000
30 40 GET 50 132.000000
30 40 PUT 50 132.000000
30 41 GET 50 194.000000
30 41 PUT 50 194.000000
30 42 GET 50 116.000000
30 42 PUT 50 116.000000
30 43 GET 50 37.000000
30 43 PUT 50 37.000000
30 44 GET 50 40.000000
30 44 PUT 50 40.000000
30 45 GET 50 52.000000
30 45 PUT 50 52.000000
30 5 GET 50 50.000000
30 5 PUT 50 50.000000
30 6 GET 50 120.000000
30 6 PUT 50 120.000000
30 7 GET 50 119.000000
30 7 PUT 50 119.000000
30 8 GET 50 107.000000
30 8 PUT 50 107.000000
30 9 GET 50 136.000000
30 9 PUT 50 136.000000
31 0 GET 50 73.000000
31 0 PUT 50 73.000000
31 1 GET 50 89.000000
31 1 PUT 50 89.000000
31 10 GET 50 225.000000
31 10 PUT 50 225.000000
31 11 GET 50 231.000000
31 11 PUT 50 231.000000
31 12 GET 50 174.000000
31 12 PUT 50 174.000000
31 13 GET 50 172.000000
31 13 PUT 50 172.000000
31 14 GET 50 105.000000
31 14 PUT 50 105.000000
31 15 GET 50 96.000000
31 15 PUT 50 96.000000
31 16 GET 50 329.000000
31 16 PUT 50 329.000000
31 17 GET 50 233.000000
31 17 PUT 50 233.000000
31 18 GET 50 244.000000
31 18 PUT 50 244.000000
31 19 GET 50 55.000000
31 19 PUT 50 55.000000
31 2 GET 50 55.000000
31 2 PUT 50 55.000000
31 20 GET 50 206.000000
31 20 PUT 50 206.000000
31 21 GET 50 40.000000
31 21 PUT 50 40.000000
31 22 GET 50 221.000000
31 22 PUT 50 221.000000
31 23 GET 50 218.000000
31 23 PUT 50 218.000000
31 24 GET 50 70.000000
31 24 PUT 50 70.000000
31 25 GET 50 76.000000
31 25 PUT 50 76.000000
31 26 GET 50 69.000000
31 26 PUT 50 69.000000
31 27 GET 50 76.000000
31 27 PUT 50 76.000000
31 28 GET 50 221.000000
31 28 PUT 50 221.000000
31 29 GET 50 177.000000
31 29 PUT 50 177.000000
31 3 GET 50 2.000000
31 3 PUT 50 2.000000
31 30 GET 50 192.000000
31 30 PUT 50 192.000000
31 31 GET 50 0
31 31 PUT 50 0
31 32 GET 50 36.000000
31 32 PUT 50 36.000000
31 33 GET 50 166.000000
31 33 PUT 50 166.000000
31 34 GET 50 172.000000
31 34 PUT 50 172.000000
31 35 GET 50 191.000000
31 35 PUT 50 191.000000
31 36 GET 50 180.000000
31 36 PUT 50 180.000000
31 37 GET 50 176.000000
31 37 PUT 50 176.000000
31 38 GET 50 171.000000
31 38 PUT 50 171.000000
31 39 GET 50 49.000000
31 39 PUT 50 49.000000
31 4 GET 50 155.000000
31 4 PUT 50 155.000000
31 40 GET 50 70.000000
31 40 PUT 50 70.000000
31 41 GET 50 3.000000
31 41 PUT 50 3.000000
31 42 GET 50 244.000000
31 42 PUT 50 244.000000
31 43 GET 50 216.000000
31 43 PUT 50 216.000000
31 44 GET 50 227.000000
31 44 PUT 50 227.000000
31 45 GET 50 171.000000
31 45 PUT 50 171.000000
31 5 GET 50 238.000000
31 5 PUT 50 238.000000
31 6 GET 50 170.000000
31 6 PUT 50 170.000000
31 7 GET 50 178.000000
31 7 PUT 50 178.000000
31 9 GET 50 326.000000
31 9 PUT 50 326.000000
32 0 GET 50 123.000000
32 0 PUT 50 123.000000
32 1 GET 50 123.000000
32 1 PUT 50 123.000000
32 10 GET 50 241.000000
32 10 PUT 50 241.000000
32 11 GET 50 246.000000
32 11 PUT 50 246.000000
32 12 GET 50 210.000000
32 12 PUT 50 210.000000
32 13 GET 50 206.000000
32 13 PUT 50 206.000000
32 14 GET 50 139.000000
32 14 PUT 50 139.000000
32 15 GET 50 129.000000
32 15 PUT 50 129.000000
32 16 GET 50 362.000000
32 16 PUT 50 362.000000
32 17 GET 50 268.000000
32 17 PUT 50 268.000000
32 18 GET 50 279.000000
32 18 PUT 50 279.000000
32 19 GET 50 26.000000
32 19 PUT 50 26.000000
32 2 GET 50 23.000000
32 2 PUT 50 23.000000
32 20 GET 50 241.000000
32 20 PUT 50 241.000000
32 21 GET 50 71.000000
32 21 PUT 50 71.000000
32 22 GET 50 209.000000
32 22 PUT 50 209.000000
32 23 GET 50 254.000000
32 23 PUT 50 254.000000
32 24 GET 50 104.000000
32 24 PUT 50 104.000000
32 25 GET 50 109.000000
32 25 PUT 50 109.000000
32 26 GET 50 103.000000
32 26 PUT 50 103.000000
32 27 GET 50 110.000000
32 27 PUT 50 110.000000
32 28 GET 50 255.000000
32 28 PUT 50 255.000000
32 29 GET 50 150.000000
32 29 PUT 50 150.000000
32 3 GET 50 37.000000
32 3 PUT 50 37.000000
32 30 GET 50 227.000000
32 30 PUT 50 227.000000
32 31 GET 50 38.000000
32 31 PUT 50 38.000000
32 32 GET 50 0
32 32 PUT 50 0
32 33 GET 50 143.000000
32 33 PUT 50 143.000000
32 34 GET 50 144.000000
32 34 PUT 50 144.000000
32 35 GET 50 226.000000
32 35 PUT 50 226.000000
32 36 GET 50 144.000000
32 36 PUT 50 144.000000
32 37 GET 50 211.000000
32 37 PUT 50 211.000000
32 38 GET 50 205.000000
32 38 PUT 50 205.000000
32 39 GET 50 82.000000
32 39 PUT 50 82.000000
32 4 GET 50 189.000000
32 4 PUT 50 189.000000
32 40 GET 50 104.000000
32 40 PUT 50 104.000000
32 41 GET 50 37.000000
32 41 PUT 50 37.000000
32 42 GET 50 242.000000
32 42 PUT 50 242.000000
32 43 GET 50 251.000000
32 43 PUT 50 251.000000
32 44 GET 50 263.000000
32 44 PUT 50 263.000000
32 45 GET 50 206.000000
32 45 PUT 50 206.000000
32 5 GET 50 249.000000
32 5 PUT 50 249.000000
32 6 GET 50 150.000000
32 6 PUT 50 150.000000
32 7 GET 50 156.000000
32 7 PUT 50 156.000000
32 9 GET 50 317.000000
32 9 PUT 50 317.000000
33 0 GET 50 233.000000
33 0 PUT 50 233.000000
33 1 GET 50 266.000000
33 1 PUT 50 266.000000
33 10 GET 50 77.000000
33 10 PUT 50 77.000000
33 11 GET 50 87.000000
33 11 PUT 50 87.000000
33 12 GET 50 137.000000
33 12 PUT 50 137.000000
33 13 GET 50 155.000000
33 13 PUT 50 155.000000
33 14 GET 50 294.000000
33 14 PUT 50 294.000000
33 15 GET 50 302.000000
33 15 PUT 50 302.000000
33 16 GET 50 188.000000
33 16 PUT 50 188.000000
33 17 GET 50 91.000000
33 17 PUT 50 91.000000
33 18 GET 50 102.000000
33 18 PUT 50 102.000000
33 19 GET 50 123.000000
33 19 PUT 50 123.000000
33 2 GET 50 119.000000
33 2 PUT 50 119.000000
33 20 GET 50 111.000000
33 20 PUT 50 111.000000
33 21 GET 50 209.000000
33 21 PUT 50 209.000000
33 22 GET 50 79.000000
33 22 PUT 50 79.000000
33 23 GET 50 83.000000
33 23 PUT 50 83.000000
33 24 GET 50 230.000000
33 24 PUT 50 230.000000
33 25 GET 50 241.000000
33 25 PUT 50 241.000000
33 26 GET 50 263.000000
33 26 PUT 50 263.000000
33 27 GET 50 271.000000
33 27 PUT 50 271.000000
33 28 GET 50 97.000000
33 28 PUT 50 97.000000
33 29 GET 50 15.000000
33 29 PUT 50 15.000000
33 3 GET 50 178.000000
33 3 PUT 50 178.000000
33 30 GET 50 107.000000
33 30 PUT 50 107.000000
33 31 GET 50 167.000000
33 31 PUT 50 167.000000
33 32 GET 50 143.000000
33 32 PUT 50 143.000000
33 33 GET 50 0
33 33 PUT 50 0
33 34 GET 50 9.000000
33 34 PUT 50 9.000000
33 35 GET 50 125.000000
33 35 PUT 50 125.000000
33 36 GET 50 11.000000
33 36 PUT 50 11.000000
33 37 GET 50 138.000000
33 37 PUT 50 138.000000
33 38 GET 50 146.000000
33 38 PUT 50 146.000000
33 39 GET 50 230.000000
33 39 PUT 50 230.000000
33 4 GET 50 335.000000
33 4 PUT 50 335.000000
33 40 GET 50 229.000000
33 40 PUT 50 229.000000
33 41 GET 50 250.000000
33 41 PUT 50 250.000000
33 42 GET 50 10.000000
33 42 PUT 50 10.000000
33 43 GET 50 105.000000
33 43 PUT 50 105.000000
33 44 GET 50 90.000000
33 44 PUT 50 90.000000
33 45 GET 50 146.000000
33 45 PUT 50 146.000000
33 5 GET 50 81.000000
33 5 PUT 50 81.000000
33 6 GET 50 20.000000
33 6 PUT 50 20.000000
33 7 GET 50 14.000000
33 7 PUT 50 14.000000
33 8 GET 50 9.000000
33 8 PUT 50 9.000000
33 9 GET 50 186.000000
33 9 PUT 50 186.000000
34 0 GET 50 228.000000
34 0 PUT 50 228.000000
34 1 GET 50 261.000000
34 1 PUT 50 261.000000
34 10 GET 50 76.000000
34 10 PUT 50 76.000000
34 11 GET 50 86.000000
34 11 PUT 50 86.000000
34 12 GET 50 135.000000
34 12 PUT 50 135.000000
34 13 GET 50 153.000000
34 13 PUT 50 153.000000
34 14 GET 50 284.000000
34 14 PUT 50 284.000000
34 15 GET 50 307.000000
34 15 PUT 50 307.000000
34 16 GET 50 185.000000
34 16 PUT 50 185.000000
34 17 GET 50 90.000000
34 17 PUT 50 90.000000
34 18 GET 50 100.000000
34 18 PUT 50 100.000000
34 19 GET 50 132.000000
34 19 PUT 50 132.000000
34 2 GET 50 117.000000
34 2 PUT 50 117.000000
34 20 GET 50 109.000000
34 20 PUT 50 109.000000
34 21 GET 50 194.000000
34 21 PUT 50 194.000000
34 22 GET 50 78.000000
34 22 PUT 50 78.000000
34 23 GET 50 82.000000
34 23 PUT 50 82.000000
34 24 GET 50 225.000000
34 24 PUT 50 225.000000
34 25 GET 50 236.000000
34 25 PUT 50 236.000000
34 26 GET 50 256.000000
34 26 PUT 50 256.000000
34 27 GET 50 264.000000
34 27 PUT 50 264.000000
34 28 GET 50 96.000000
34 28 PUT 50 96.000000
34 29 GET 50 18.000000
34 29 PUT 50 18.000000
34 3 GET 50 162.000000
34 3 PUT 50 162.000000
34 30 GET 50 106.000000
34 30 PUT 50 106.000000
34 31 GET 50 169.000000
34 31 PUT 50 169.000000
34 32 GET 50 140.000000
34 32 PUT 50 140.000000
34 33 GET 50 8.000000
34 33 PUT 50 8.000000
34 34 GET 50 0
34 34 PUT 50 0
34 35 GET 50 123.000000
34 35 PUT 50 123.000000
34 36 GET 50 14.000000
34 36 PUT 50 14.000000
34 37 GET 50 136.000000
34 37 PUT 50 136.000000
34 38 GET 50 144.000000
34 38 PUT 50 144.000000
34 39 GET 50 226.000000
34 39 PUT 50 226.000000
34 4 GET 50 329.000000
34 4 PUT 50 329.000000
34 40 GET 50 225.000000
34 40 PUT 50 225.000000
34 41 GET 50 230.000000
34 41 PUT 50 230.000000
34 42 GET 50 12.000000
34 42 PUT 50 12.000000
34 43 GET 50 104.000000
34 43 PUT 50 104.000000
34 44 GET 50 90.000000
34 44 PUT 50 90.000000
34 45 GET 50 144.000000
34 45 PUT 50 144.000000
34 5 GET 50 80.000000
34 5 PUT 50 80.000000
34 6 GET 50 19.000000
34 6 PUT 50 19.000000
34 7 GET 50 17.000000
34 7 PUT 50 17.000000
34 8 GET 50 10.000000
34 8 PUT 50 10.000000
34 9 GET 50 182.000000
34 9 PUT 50 182.000000
35 0 GET 50 123.000000
35 0 PUT 50 123.000000
35 1 GET 50 159.000000
35 1 PUT 50 159.000000
35 10 GET 50 54.000000
35 10 PUT 50 54.000000
35 11 GET 50 59.000000
35 11 PUT 50 59.000000
35 12 GET 50 29.000000
35 12 PUT 50 29.000000
35 13 GET 50 32.000000
35 13 PUT 50 32.000000
35 14 GET 50 176.000000
35 14 PUT 50 176.000000
35 15 GET 50 208.000000
35 15 PUT 50 208.000000
35 16 GET 50 166.000000
35 16 PUT 50 166.000000
35 17 GET 50 43.000000
35 17 PUT 50 43.000000
35 18 GET 50 54.000000
35 18 PUT 50 54.000000
35 19 GET 50 237.000000
35 19 PUT 50 237.000000
35 2 GET 50 244.000000
35 2 PUT 50 244.000000
35 20 GET 50 18.000000
35 20 PUT 50 18.000000
35 21 GET 50 167.000000
35 21 PUT 50 167.000000
35 22 GET 50 52.000000
35 22 PUT 50 52.000000
35 23 GET 50 59.000000
35 23 PUT 50 59.000000
35 24 GET 50 124.000000
35 24 PUT 50 124.000000
35 25 GET 50 117.000000
35 25 PUT 50 117.000000
35 26 GET 50 157.000000
35 26 PUT 50 157.000000
35 27 GET 50 164.000000
35 27 PUT 50 164.000000
35 28 GET 50 48.000000
35 28 PUT 50 48.000000
35 29 GET 50 119.000000
35 29 PUT 50 119.000000
35 3 GET 50 220.000000
35 3 PUT 50 220.000000
35 30 GET 50 62.000000
35 30 PUT 50 62.000000
35 31 GET 50 188.000000
35 31 PUT 50 188.000000
35 32 GET 50 218.000000
35 32 PUT 50 218.000000
35 33 GET 50 121.000000
35 33 PUT 50 121.000000
35 34 GET 50 122.000000
35 34 PUT 50 122.000000
35 35 GET 50 0
35 35 PUT 50 0
35 36 GET 50 127.000000
35 36 PUT 50 127.000000
35 37 GET 50 31.000000
35 37 PUT 50 31.000000
35 38 GET 50 23.000000
35 38 PUT 50 23.000000
35 39 GET 50 181.000000
35 39 PUT 50 181.000000
35 4 GET 50 240.000000
35 4 PUT 50 240.000000
35 40 GET 50 140.000000
35 40 PUT 50 140.000000
35 41 GET 50 204.000000
35 41 PUT 50 204.000000
35 42 GET 50 132.000000
35 42 PUT 50 132.000000
35 43 GET 50 42.000000
35 43 PUT 50 42.000000
35 44 GET 50 59.000000
35 44 PUT 50 59.000000
35 45 GET 50 49.000000
35 45 PUT 50 49.000000
35 5 GET 50 67.000000
35 5 PUT 50 67.000000
35 6 GET 50 136.000000
35 6 PUT 50 136.000000
35 7 GET 50 115.000000
35 7 PUT 50 115.000000
35 8 GET 50 127.000000
35 8 PUT 50 127.000000
35 9 GET 50 165.000000
35 9 PUT 50 165.000000
36 0 GET 50 243.000000
36 0 PUT 50 243.000000
36 1 GET 50 271.000000
36 1 PUT 50 271.000000
36 10 GET 50 83.000000
36 10 PUT 50 83.000000
36 11 GET 50 93.000000
36 11 PUT 50 93.000000
36 12 GET 50 143.000000
36 12 PUT 50 143.000000
36 13 GET 50 161.000000
36 13 PUT 50 161.000000
36 14 GET 50 302.000000
36 14 PUT 50 302.000000
36 15 GET 50 334.000000
36 15 PUT 50 334.000000
36 16 GET 50 193.000000
36 16 PUT 50 193.000000
36 17 GET 50 99.000000
36 17 PUT 50 99.000000
36 18 GET 50 110.000000
36 18 PUT 50 110.000000
36 19 GET 50 127.000000
36 19 PUT 50 127.000000
36 2 GET 50 133.000000
36 2 PUT 50 133.000000
36 20 GET 50 116.000000
36 20 PUT 50 116.000000
36 21 GET 50 214.000000
36 21 PUT 50 214.000000
36 22 GET 50 84.000000
36 22 PUT 50 84.000000
36 23 GET 50 88.000000
36 23 PUT 50 88.000000
36 24 GET 50 235.000000
36 24 PUT 50 235.000000
36 25 GET 50 246.000000
36 25 PUT 50 246.000000
36 26 GET 50 269.000000
36 26 PUT 50 269.000000
36 27 GET 50 277.000000
36 27 PUT 50 277.000000
36 28 GET 50 104.000000
36 28 PUT 50 104.000000
36 29 GET 50 24.000000
36 29 PUT 50 24.000000
36 3 GET 50 184.000000
36 3 PUT 50 184.000000
36 30 GET 50 113.000000
36 30 PUT 50 113.000000
36 31 GET 50 180.000000
36 31 PUT 50 180.000000
36 32 GET 50 142.000000
36 32 PUT 50 142.000000
36 33 GET 50 11.000000
36 33 PUT 50 11.000000
36 34 GET 50 14.000000
36 34 PUT 50 14.000000
36 35 GET 50 130.000000
36 35 PUT 50 130.000000
36 36 GET 50 0
36 36 PUT 50 0
36 37 GET 50 144.000000
36 37 PUT 50 144.000000
36 38 GET 50 152.000000
36 38 PUT 50 152.000000
36 39 GET 50 235.000000
36 39 PUT 50 235.000000
36 4 GET 50 362.000000
36 4 PUT 50 362.000000
36 40 GET 50 234.000000
36 40 PUT 50 234.000000
36 41 GET 50 252.000000
36 41 PUT 50 252.000000
36 42 GET 50 15.000000
36 42 PUT 50 15.000000
36 43 GET 50 110.000000
36 43 PUT 50 110.000000
36 44 GET 50 96.000000
36 44 PUT 50 96.000000
36 45 GET 50 152.000000
36 45 PUT 50 152.000000
36 5 GET 50 87.000000
36 5 PUT 50 87.000000
36 6 GET 50 19.000000
36 6 PUT 50 19.000000
36 7 GET 50 21.000000
36 7 PUT 50 21.000000
36 8 GET 50 13.000000
36 8 PUT 50 13.000000
36 9 GET 50 192.000000
36 9 PUT 50 192.000000
37 0 GET 50 111.000000
37 0 PUT 50 111.000000
37 1 GET 50 148.000000
37 1 PUT 50 148.000000
37 10 GET 50 72.000000
37 10 PUT 50 72.000000
37 11 GET 50 78.000000
37 11 PUT 50 78.000000
37 12 GET 50 2.000000
37 12 PUT 50 2.000000
37 13 GET 50 25.000000
37 13 PUT 50 25.000000
37 14 GET 50 176.000000
37 14 PUT 50 176.000000
37 15 GET 50 189.000000
37 15 PUT 50 189.000000
37 16 GET 50 176.000000
37 16 PUT 50 176.000000
37 17 GET 50 69.000000
37 17 PUT 50 69.000000
37 18 GET 50 80.000000
37 18 PUT 50 80.000000
37 19 GET 50 232.000000
37 19 PUT 50 232.000000
37 2 GET 50 235.000000
37 2 PUT 50 235.000000
37 20 GET 50 51.000000
37 20 PUT 50 51.000000
37 21 GET 50 151.000000
37 21 PUT 50 151.000000
37 22 GET 50 81.000000
37 22 PUT 50 81.000000
37 23 GET 50 72.000000
37 23 PUT 50 72.000000
37 24 GET 50 111.000000
37 24 PUT 50 111.000000
37 25 GET 50 115.000000
37 25 PUT 50 115.000000
37 26 GET 50 146.000000
37 26 PUT 50 146.000000
37 27 GET 50 153.000000
37 27 PUT 50 153.000000
37 28 GET 50 69.000000
37 28 PUT 50 69.000000
37 29 GET 50 154.000000
37 29 PUT 50 154.000000
37 3 GET 50 211.000000
37 3 PUT 50 211.000000
37 30 GET 50 43.000000
37 30 PUT 50 43.000000
37 31 GET 50 180.000000
37 31 PUT 50 180.000000
37 32 GET 50 212.000000
37 32 PUT 50 212.000000
37 33 GET 50 140.000000
37 33 PUT 50 140.000000
37 34 GET 50 141.000000
37 34 PUT 50 141.000000
37 35 GET 50 32.000000
37 35 PUT 50 32.000000
37 36 GET 50 146.000000
37 36 PUT 50 146.000000
37 37 GET 50 0
37 37 PUT 50 0
37 38 GET 50 27.000000
37 38 PUT 50 27.000000
37 39 GET 50 149.000000
37 39 PUT 50 149.000000
37 4 GET 50 238.000000
37 4 PUT 50 238.000000
37 40 GET 50 111.000000
37 40 PUT 50 111.000000
37 41 GET 50 180.000000
37 41 PUT 50 180.000000
37 42 GET 50 146.000000
37 42 PUT 50 146.000000
37 43 GET 50 40.000000
37 43 PUT 50 40.000000
37 44 GET 50 81.000000
37 44 PUT 50 81.000000
37 45 GET 50 24.000000
37 45 PUT 50 24.000000
37 5 GET 50 84.000000
37 5 PUT 50 84.000000
37 6 GET 50 155.000000
37 6 PUT 50 155.000000
37 7 GET 50 147.000000
37 7 PUT 50 147.000000
37 8 GET 50 143.000000
37 8 PUT 50 143.000000
37 9 GET 50 175.000000
37 9 PUT 50 175.000000
38 0 GET 50 106.000000
38 0 PUT 50 106.000000
38 1 GET 50 143.000000
38 1 PUT 50 143.000000
38 10 GET 50 77.000000
38 10 PUT 50 77.000000
38 11 GET 50 82.000000
38 11 PUT 50 82.000000
38 12 GET 50 24.000000
38 12 PUT 50 24.000000
38 13 GET 50 13.000000
38 13 PUT 50 13.000000
38 14 GET 50 177.000000
38 14 PUT 50 177.000000
38 15 GET 50 185.000000
38 15 PUT 50 185.000000
38 16 GET 50 192.000000
38 16 PUT 50 192.000000
38 17 GET 50 66.000000
38 17 PUT 50 66.000000
38 18 GET 50 77.000000
38 18 PUT 50 77.000000
38 19 GET 50 222.000000
38 19 PUT 50 222.000000
38 2 GET 50 230.000000
38 2 PUT 50 230.000000
38 20 GET 50 40.000000
38 20 PUT 50 40.000000
38 21 GET 50 153.000000
38 21 PUT 50 153.000000
38 22 GET 50 76.000000
38 22 PUT 50 76.000000
38 23 GET 50 81.000000
38 23 PUT 50 81.000000
38 24 GET 50 107.000000
38 24 PUT 50 107.000000
38 25 GET 50 99.000000
38 25 PUT 50 99.000000
38 26 GET 50 141.000000
38 26 PUT 50 141.000000
38 27 GET 50 148.000000
38 27 PUT 50 148.000000
38 28 GET 50 57.000000
38 28 PUT 50 57.000000
38 29 GET 50 145.000000
38 29 PUT 50 145.000000
38 3 GET 50 205.000000
38 3 PUT 50 205.000000
38 30 GET 50 68.000000
38 30 PUT 50 68.000000
38 31 GET 50 172.000000
38 31 PUT 50 172.000000
38 32 GET 50 203.000000
38 32 PUT 50 203.000000
38 33 GET 50 146.000000
38 33 PUT 50 146.000000
38 34 GET 50 147.000000
38 34 PUT 50 147.000000
38 35 GET 50 24.000000
38 35 PUT 50 24.000000
38 36 GET 50 152.000000
38 36 PUT 50 152.000000
38 37 GET 50 27.000000
38 37 PUT 50 27.000000
38 38 GET 50 0
38 38 PUT 50 0
38 39 GET 50 144.000000
38 39 PUT 50 144.000000
38 4 GET 50 226.000000
38 4 PUT 50 226.000000
38 40 GET 50 102.000000
38 40 PUT 50 102.000000
38 41 GET 50 173.000000
38 41 PUT 50 173.000000
38 42 GET 50 146.000000
38 42 PUT 50 146.000000
38 43 GET 50 53.000000
38 43 PUT 50 53.000000
38 44 GET 50 78.000000
38 44 PUT 50 78.000000
38 45 GET 50 13.000000
38 45 PUT 50 13.000000
38 5 GET 50 90.000000
38 5 PUT 50 90.000000
38 6 GET 50 161.000000
38 6 PUT 50 161.000000
38 7 GET 50 139.000000
38 7 PUT 50 139.000000
38 8 GET 50 151.000000
38 8 PUT 50 151.000000
38 9 GET 50 190.000000
38 9 PUT 50 190.000000
39 0 GET 50 35.000000
39 0 PUT 50 35.000000
39 1 GET 50 68.000000
39 1 PUT 50 68.000000
39 10 GET 50 259.000000
39 10 PUT 50 259.000000
39 11 GET 50 274.000000
39 11 PUT 50 274.000000
39 12 GET 50 263.000000
39 12 PUT 50 263.000000
39 13 GET 50 266.000000
39 13 PUT 50 266.000000
39 14 GET 50 138.000000
39 14 PUT 50 138.000000
39 15 GET 50 139.000000
39 15 PUT 50 139.000000
39 16 GET 50 312.000000
39 16 PUT 50 312.000000
39 17 GET 50 201.000000
39 17 PUT 50 201.000000
39 18 GET 50 212.000000
39 18 PUT 50 212.000000
39 19 GET 50 100.000000
39 19 PUT 50 100.000000
39 2 GET 50 106.000000
39 2 PUT 50 106.000000
39 20 GET 50 183.000000
39 20 PUT 50 183.000000
39 21 GET 50 15.000000
39 21 PUT 50 15.000000
39 22 GET 50 197.000000
39 22 PUT 50 197.000000
39 23 GET 50 197.000000
39 23 PUT 50 197.000000
39 24 GET 50 50.000000
39 24 PUT 50 50.000000
39 25 GET 50 57.000000
39 25 PUT 50 57.000000
39 26 GET 50 60.000000
39 26 PUT 50 60.000000
39 27 GET 50 68.000000
39 27 PUT 50 68.000000
39 28 GET 50 189.000000
39 28 PUT 50 189.000000
39 29 GET 50 240.000000
39 29 PUT 50 240.000000
39 3 GET 50 53.000000
39 3 PUT 50 53.000000
39 30 GET 50 176.000000
39 30 PUT 50 176.000000
39 31 GET 50 49.000000
39 31 PUT 50 49.000000
39 32 GET 50 80.000000
39 32 PUT 50 80.000000
39 33 GET 50 229.000000
39 33 PUT 50 229.000000
39 34 GET 50 231.000000
39 34 PUT 50 231.000000
39 35 GET 50 186.000000
39 35 PUT 50 186.000000
39 36 GET 50 235.000000
39 36 PUT 50 235.000000
39 37 GET 50 146.000000
39 37 PUT 50 146.000000
39 38 GET 50 143.000000
39 38 PUT 50 143.000000
39 39 GET 50 0
39 39 PUT 50 0
39 4 GET 50 129.000000
39 4 PUT 50 129.000000
39 40 GET 50 34.000000
39 40 PUT 50 34.000000
39 41 GET 50 50.000000
39 41 PUT 50 50.000000
39 42 GET 50 256.000000
39 42 PUT 50 256.000000
39 43 GET 50 153.000000
39 43 PUT 50 153.000000
39 44 GET 50 186.000000
39 44 PUT 50 186.000000
39 45 GET 50 119.000000
39 45 PUT 50 119.000000
39 5 GET 50 270.000000
39 5 PUT 50 270.000000
39 6 GET 50 262.000000
39 6 PUT 50 262.000000
39 7 GET 50 271.000000
39 7 PUT 50 271.000000
39 8 GET 50 276.000000
39 8 PUT 50 276.000000
39 9 GET 50 311.000000
39 9 PUT 50 311.000000
4 0 GET 50 104.000000
4 0 PUT 50 104.000000
4 1 GET 50 136.000000
4 1 PUT 50 136.000000
4 10 GET 50 218.000000
4 10 PUT 50 218.000000
4 11 GET 50 208.000000
4 11 PUT 50 208.000000
4 12 GET 50 158.000000
4 12 PUT 50 158.000000
4 13 GET 50 162.000000
4 13 PUT 50 162.000000
4 14 GET 50 3.000000
4 14 PUT 50 3.000000
4 15 GET 50 14.000000
4 15 PUT 50 14.000000
4 16 GET 50 368.000000
4 16 PUT 50 368.000000
4 17 GET 50 276.000000
4 17 PUT 50 276.000000
4 18 GET 50 287.000000
4 18 PUT 50 287.000000
4 19 GET 50 206.000000
4 19 PUT 50 206.000000
4 2 GET 50 223.000000
4 2 PUT 50 223.000000
4 20 GET 50 272.000000
4 20 PUT 50 272.000000
4 21 GET 50 157.000000
4 21 PUT 50 157.000000
4 22 GET 50 265.000000
4 22 PUT 50 265.000000
4 23 GET 50 261.000000
4 23 PUT 50 261.000000
4 24 GET 50 140.000000
4 24 PUT 50 140.000000
4 25 GET 50 147.000000
4 25 PUT 50 147.000000
4 26 GET 50 140.000000
4 26 PUT 50 140.000000
4 27 GET 50 147.000000
4 27 PUT 50 147.000000
4 28 GET 50 269.000000
4 28 PUT 50 269.000000
4 29 GET 50 352.000000
4 29 PUT 50 352.000000
4 3 GET 50 170.000000
4 3 PUT 50 170.000000
4 30 GET 50 235.000000
4 30 PUT 50 235.000000
4 31 GET 50 155.000000
4 31 PUT 50 155.000000
4 32 GET 50 187.000000
4 32 PUT 50 187.000000
4 33 GET 50 334.000000
4 33 PUT 50 334.000000
4 34 GET 50 335.000000
4 34 PUT 50 335.000000
4 35 GET 50 241.000000
4 35 PUT 50 241.000000
4 36 GET 50 361.000000
4 36 PUT 50 361.000000
4 37 GET 50 236.000000
4 37 PUT 50 236.000000
4 38 GET 50 225.000000
4 38 PUT 50 225.000000
4 39 GET 50 129.000000
4 39 PUT 50 129.000000
4 4 GET 50 0
4 4 PUT 50 0
4 40 GET 50 104.000000
4 40 PUT 50 104.000000
4 41 GET 50 171.000000
4 41 PUT 50 171.000000
4 42 GET 50 279.000000
4 42 PUT 50 279.000000
4 43 GET 50 174.000000
4 43 PUT 50 174.000000
4 44 GET 50 202.000000
4 44 PUT 50 202.000000
4 45 GET 50 163.000000
4 45 PUT 50 163.000000
4 5 GET 50 233.000000
4 5 PUT 50 233.000000
4 6 GET 50 323.000000
4 6 PUT 50 323.000000
4 7 GET 50 303.000000
4 7 PUT 50 303.000000
4 8 GET 50 295.000000
4 8 PUT 50 295.000000
4 9 GET 50 338.000000
4 9 PUT 50 338.000000
40 0 GET 50 2.000000
40 0 PUT 50 2.000000
40 1 GET 50 35.000000
40 1 PUT 50 35.000000
40 10 GET 50 231.000000
40 10 PUT 50 231.000000
40 11 GET 50 245.000000
40 11 PUT 50 245.000000
40 12 GET 50 238.000000
40 12 PUT 50 238.000000
40 13 GET 50 239.000000
40 13 PUT 50 239.000000
40 14 GET 50 107.000000
40 14 PUT 50 107.000000
40 15 GET 50 118.000000
40 15 PUT 50 118.000000
40 16 GET 50 269.000000
40 16 PUT 50 269.000000
40 17 GET 50 158.000000
40 17 PUT 50 158.000000
40 18 GET 50 169.000000
40 18 PUT 50 169.000000
40 19 GET 50 121.000000
40 19 PUT 50 121.000000
40 2 GET 50 125.000000
40 2 PUT 50 125.000000
40 20 GET 50 144.000000
40 20 PUT 50 144.000000
40 21 GET 50 51.000000
40 21 PUT 50 51.000000
40 22 GET 50 153.000000
40 22 PUT 50 153.000000
40 23 GET 50 153.000000
40 23 PUT 50 153.000000
40 24 GET 50 2.000000
40 24 PUT 50 2.000000
40 25 GET 50 10.000000
40 25 PUT 50 10.000000
40 26 GET 50 36.000000
40 26 PUT 50 36.000000
40 27 GET 50 43.000000
40 27 PUT 50 43.000000
40 28 GET 50 146.000000
40 28 PUT 50 146.000000
40 29 GET 50 239.000000
40 29 PUT 50 239.000000
40 3 GET 50 71.000000
40 3 PUT 50 71.000000
40 30 GET 50 133.000000
40 30 PUT 50 133.000000
40 31 GET 50 69.000000
40 31 PUT 50 69.000000
40 32 GET 50 101.000000
40 32 PUT 50 101.000000
40 33 GET 50 228.000000
40 33 PUT 50 228.000000
40 34 GET 50 230.000000
40 34 PUT 50 230.000000
40 35 GET 50 143.000000
40 35 PUT 50 143.000000
40 36 GET 50 234.000000
40 36 PUT 50 234.000000
40 37 GET 50 108.000000
40 37 PUT 50 108.000000
40 38 GET 50 102.000000
40 38 PUT 50 102.000000
40 39 GET 50 34.000000
40 39 PUT 50 34.000000
40 4 GET 50 104.000000
40 4 PUT 50 104.000000
40 40 GET 50 0
40 40 PUT 50 0
40 41 GET 50 68.000000
40 41 PUT 50 68.000000
40 42 GET 50 230.000000
40 42 PUT 50 230.000000
40 43 GET 50 127.000000
40 43 PUT 50 127.000000
40 44 GET 50 161.000000
40 44 PUT 50 161.000000
40 45 GET 50 94.000000
40 45 PUT 50 94.000000
40 5 GET 50 243.000000
40 5 PUT 50 243.000000
40 6 GET 50 235.000000
40 6 PUT 50 235.000000
40 7 GET 50 244.000000
40 7 PUT 50 244.000000
40 8 GET 50 250.000000
40 8 PUT 50 250.000000
40 9 GET 50 285.000000
40 9 PUT 50 285.000000
41 0 GET 50 69.000000
41 0 PUT 50 69.000000
41 1 GET 50 102.000000
41 1 PUT 50 102.000000
41 10 GET 50 303.000000
41 10 PUT 50 303.000000
41 11 GET 50 316.000000
41 11 PUT 50 316.000000
41 12 GET 50 310.000000
41 12 PUT 50 310.000000
41 13 GET 50 311.000000
41 13 PUT 50 311.000000
41 14 GET 50 139.000000
41 14 PUT 50 139.000000
41 15 GET 50 140.000000
41 15 PUT 50 140.000000
41 16 GET 50 334.000000
41 16 PUT 50 334.000000
41 17 GET 50 229.000000
41 17 PUT 50 229.000000
41 18 GET 50 240.000000
41 18 PUT 50 240.000000
41 19 GET 50 55.000000
41 19 PUT 50 55.000000
41 2 GET 50 58.000000
41 2 PUT 50 58.000000
41 20 GET 50 209.000000
41 20 PUT 50 209.000000
41 21 GET 50 38.000000
41 21 PUT 50 38.000000
41 22 GET 50 223.000000
41 22 PUT 50 223.000000
41 23 GET 50 224.000000
41 23 PUT 50 224.000000
41 24 GET 50 69.000000
41 24 PUT 50 69.000000
41 25 GET 50 77.000000
41 25 PUT 50 77.000000
41 26 GET 50 85.000000
41 26 PUT 50 85.000000
41 27 GET 50 93.000000
41 27 PUT 50 93.000000
41 28 GET 50 217.000000
41 28 PUT 50 217.000000
41 29 GET 50 254.000000
41 29 PUT 50 254.000000
41 3 GET 50 4.000000
41 3 PUT 50 4.000000
41 30 GET 50 198.000000
41 30 PUT 50 198.000000
41 31 GET 50 3.000000
41 31 PUT 50 3.000000
41 32 GET 50 35.000000
41 32 PUT 50 35.000000
41 33 GET 50 249.000000
41 33 PUT 50 249.000000
41 34 GET 50 236.000000
41 34 PUT 50 236.000000
41 35 GET 50 208.000000
41 35 PUT 50 208.000000
41 36 GET 50 251.000000
41 36 PUT 50 251.000000
41 37 GET 50 178.000000
41 37 PUT 50 178.000000
41 38 GET 50 173.000000
41 38 PUT 50 173.000000
41 39 GET 50 50.000000
41 39 PUT 50 50.000000
41 4 GET 50 171.000000
41 4 PUT 50 171.000000
41 40 GET 50 68.000000
41 40 PUT 50 68.000000
41 41 GET 50 0
41 41 PUT 50 0
41 42 GET 50 303.000000
41 42 PUT 50 303.000000
41 43 GET 50 200.000000
41 43 PUT 50 200.000000
41 44 GET 50 224.000000
41 44 PUT 50 224.000000
41 45 GET 50 166.000000
41 45 PUT 50 166.000000
41 5 GET 50 314.000000
41 5 PUT 50 314.000000
41 6 GET 50 309.000000
41 6 PUT 50 309.000000
41 7 GET 50 317.000000
41 7 PUT 50 317.000000
41 8 GET 50 324.000000
41 8 PUT 50 324.000000
41 9 GET 50 347.000000
41 9 PUT 50 347.000000
42 0 GET 50 306.000000
42 0 PUT 50 306.000000
42 1 GET 50 271.000000
42 1 PUT 50 271.000000
42 10 GET 50 90.000000
42 10 PUT 50 90.000000
42 11 GET 50 105.000000
42 11 PUT 50 105.000000
42 12 GET 50 147.000000
42 12 PUT 50 147.000000
42 13 GET 50 156.000000
42 13 PUT 50 156.000000
42 14 GET 50 278.000000
42 14 PUT 50 278.000000
42 15 GET 50 311.000000
42 15 PUT 50 311.000000
42 16 GET 50 207.000000
42 16 PUT 50 207.000000
42 17 GET 50 103.000000
42 17 PUT 50 103.000000
42 18 GET 50 114.000000
42 18 PUT 50 114.000000
42 19 GET 50 248.000000
42 19 PUT 50 248.000000
42 2 GET 50 246.000000
42 2 PUT 50 246.000000
42 20 GET 50 121.000000
42 20 PUT 50 121.000000
42 21 GET 50 238.000000
42 21 PUT 50 238.000000
42 22 GET 50 83.000000
42 22 PUT 50 83.000000
42 23 GET 50 88.000000
42 23 PUT 50 88.000000
42 24 GET 50 233.000000
42 24 PUT 50 233.000000
42 25 GET 50 241.000000
42 25 PUT 50 241.000000
42 26 GET 50 265.000000
42 26 PUT 50 265.000000
42 27 GET 50 272.000000
42 27 PUT 50 272.000000
42 28 GET 50 100.000000
42 28 PUT 50 100.000000
42 29 GET 50 18.000000
42 29 PUT 50 18.000000
42 3 GET 50 307.000000
42 3 PUT 50 307.000000
42 30 GET 50 117.000000
42 30 PUT 50 117.000000
42 31 GET 50 246.000000
42 31 PUT 50 246.000000
42 32 GET 50 239.000000
42 32 PUT 50 239.000000
42 33 GET 50 9.000000
42 33 PUT 50 9.000000
42 34 GET 50 12.000000
42 34 PUT 50 12.000000
42 35 GET 50 135.000000
42 35 PUT 50 135.000000
42 36 GET 50 15.000000
42 36 PUT 50 15.000000
42 37 GET 50 142.000000
42 37 PUT 50 142.000000
42 38 GET 50 145.000000
42 38 PUT 50 145.000000
42 39 GET 50 256.000000
42 39 PUT 50 256.000000
42 4 GET 50 279.000000
42 4 PUT 50 279.000000
42 40 GET 50 230.000000
42 40 PUT 50 230.000000
42 41 GET 50 303.000000
42 41 PUT 50 303.000000
42 42 GET 50 0
42 42 PUT 50 0
42 43 GET 50 106.000000
42 43 PUT 50 106.000000
42 44 GET 50 94.000000
42 44 PUT 50 94.000000
42 45 GET 50 139.000000
42 45 PUT 50 139.000000
42 5 GET 50 99.000000
42 5 PUT 50 99.000000
42 6 GET 50 9.000000
42 6 PUT 50 9.000000
42 7 GET 50 17.000000
42 7 PUT 50 17.000000
42 8 GET 50 30.000000
42 8 PUT 50 30.000000
42 9 GET 50 229.000000
42 9 PUT 50 229.000000
43 0 GET 50 202.000000
43 0 PUT 50 202.000000
43 1 GET 50 174.000000
43 1 PUT 50 174.000000
43 10 GET 50 28.000000
43 10 PUT 50 28.000000
43 11 GET 50 28.000000
43 11 PUT 50 28.000000
43 12 GET 50 37.000000
43 12 PUT 50 37.000000
43 13 GET 50 51.000000
43 13 PUT 50 51.000000
43 14 GET 50 195.000000
43 14 PUT 50 195.000000
43 15 GET 50 228.000000
43 15 PUT 50 228.000000
43 16 GET 50 156.000000
43 16 PUT 50 156.000000
43 17 GET 50 25.000000
43 17 PUT 50 25.000000
43 18 GET 50 36.000000
43 18 PUT 50 36.000000
43 19 GET 50 236.000000
43 19 PUT 50 236.000000
43 2 GET 50 251.000000
43 2 PUT 50 251.000000
43 20 GET 50 28.000000
43 20 PUT 50 28.000000
43 21 GET 50 177.000000
43 21 PUT 50 177.000000
43 22 GET 50 29.000000
43 22 PUT 50 29.000000
43 23 GET 50 32.000000
43 23 PUT 50 32.000000
43 24 GET 50 146.000000
43 24 PUT 50 146.000000
43 25 GET 50 146.000000
43 25 PUT 50 146.000000
43 26 GET 50 180.000000
43 26 PUT 50 180.000000
43 27 GET 50 187.000000
43 27 PUT 50 187.000000
43 28 GET 50 13.000000
43 28 PUT 50 13.000000
43 29 GET 50 106.000000
43 29 PUT 50 106.000000
43 3 GET 50 204.000000
43 3 PUT 50 204.000000
43 30 GET 50 37.000000
43 30 PUT 50 37.000000
43 31 GET 50 217.000000
43 31 PUT 50 217.000000
43 32 GET 50 248.000000
43 32 PUT 50 248.000000
43 33 GET 50 104.000000
43 33 PUT 50 104.000000
43 34 GET 50 106.000000
43 34 PUT 50 106.000000
43 35 GET 50 42.000000
43 35 PUT 50 42.000000
43 36 GET 50 110.000000
43 36 PUT 50 110.000000
43 37 GET 50 38.000000
43 37 PUT 50 38.000000
43 38 GET 50 52.000000
43 38 PUT 50 52.000000
43 39 GET 50 153.000000
43 39 PUT 50 153.000000
43 4 GET 50 174.000000
43 4 PUT 50 174.000000
43 40 GET 50 127.000000
43 40 PUT 50 127.000000
43 41 GET 50 200.000000
43 41 PUT 50 200.000000
43 42 GET 50 106.000000
43 42 PUT 50 106.000000
43 43 GET 50 0
43 43 PUT 50 0
43 44 GET 50 37.000000
43 44 PUT 50 37.000000
43 45 GET 50 35.000000
43 45 PUT 50 35.000000
43 5 GET 50 33.000000
43 5 PUT 50 33.000000
43 6 GET 50 112.000000
43 6 PUT 50 112.000000
43 7 GET 50 121.000000
43 7 PUT 50 121.000000
43 8 GET 50 125.000000
43 8 PUT 50 125.000000
43 9 GET 50 153.000000
43 9 PUT 50 153.000000
44 0 GET 50 233.000000
44 0 PUT 50 233.000000
44 1 GET 50 199.000000
44 1 PUT 50 199.000000
44 10 GET 50 13.000000
44 10 PUT 50 13.000000
44 11 GET 50 23.000000
44 11 PUT 50 23.000000
44 12 GET 50 79.000000
44 12 PUT 50 79.000000
44 13 GET 50 75.000000
44 13 PUT 50 75.000000
44 14 GET 50 218.000000
44 14 PUT 50 218.000000
44 15 GET 50 240.000000
44 15 PUT 50 240.000000
44 16 GET 50 132.000000
44 16 PUT 50 132.000000
44 17 GET 50 40.000000
44 17 PUT 50 40.000000
44 18 GET 50 51.000000
44 18 PUT 50 51.000000
44 19 GET 50 240.000000
44 19 PUT 50 240.000000
44 2 GET 50 253.000000
44 2 PUT 50 253.000000
44 20 GET 50 46.000000
44 20 PUT 50 46.000000
44 21 GET 50 207.000000
44 21 PUT 50 207.000000
44 22 GET 50 15.000000
44 22 PUT 50 15.000000
44 23 GET 50 19.000000
44 23 PUT 50 19.000000
44 24 GET 50 163.000000
44 24 PUT 50 163.000000
44 25 GET 50 173.000000
44 25 PUT 50 173.000000
44 26 GET 50 197.000000
44 26 PUT 50 197.000000
44 27 GET 50 204.000000
44 27 PUT 50 204.000000
44 28 GET 50 30.000000
44 28 PUT 50 30.000000
44 29 GET 50 98.000000
44 29 PUT 50 98.000000
44 3 GET 50 226.000000
44 3 PUT 50 226.000000
44 30 GET 50 40.000000
44 30 PUT 50 40.000000
44 31 GET 50 228.000000
44 31 PUT 50 228.000000
44 32 GET 50 260.000000
44 32 PUT 50 260.000000
44 33 GET 50 89.000000
44 33 PUT 50 89.000000
44 34 GET 50 91.000000
44 34 PUT 50 91.000000
44 35 GET 50 59.000000
44 35 PUT 50 59.000000
44 36 GET 50 96.000000
44 36 PUT 50 96.000000
44 37 GET 50 78.000000
44 37 PUT 50 78.000000
44 38 GET 50 77.000000
44 38 PUT 50 77.000000
44 39 GET 50 186.000000
44 39 PUT 50 186.000000
44 4 GET 50 202.000000
44 4 PUT 50 202.000000
44 40 GET 50 161.000000
44 40 PUT 50 161.000000
44 41 GET 50 224.000000
44 41 PUT 50 224.000000
44 42 GET 50 94.000000
44 42 PUT 50 94.000000
44 43 GET 50 37.000000
44 43 PUT 50 37.000000
44 44 GET 50 0
44 44 PUT 50 0
44 45 GET 50 67.000000
44 45 PUT 50 67.000000
44 5 GET 50 28.000000
44 5 PUT 50 28.000000
44 6 GET 50 99.000000
44 6 PUT 50 99.000000
44 7 GET 50 108.000000
44 7 PUT 50 108.000000
44 8 GET 50 113.000000
44 8 PUT 50 113.000000
44 9 GET 50 132.000000
44 9 PUT 50 132.000000
45 0 GET 50 164.000000
45 0 PUT 50 164.000000
45 1 GET 50 148.000000
45 1 PUT 50 148.000000
45 10 GET 50 63.000000
45 10 PUT 50 63.000000
45 11 GET 50 63.000000
45 11 PUT 50 63.000000
45 12 GET 50 23.000000
45 12 PUT 50 23.000000
45 13 GET 50 15.000000
45 13 PUT 50 15.000000
45 14 GET 50 187.000000
45 14 PUT 50 187.000000
45 15 GET 50 199.000000
45 15 PUT 50 199.000000
45 16 GET 50 191.000000
45 16 PUT 50 191.000000
45 17 GET 50 67.000000
45 17 PUT 50 67.000000
45 18 GET 50 77.000000
45 18 PUT 50 77.000000
45 19 GET 50 223.000000
45 19 PUT 50 223.000000
45 2 GET 50 254.000000
45 2 PUT 50 254.000000
45 20 GET 50 51.000000
45 20 PUT 50 51.000000
45 21 GET 50 143.000000
45 21 PUT 50 143.000000
45 22 GET 50 70.000000
45 22 PUT 50 70.000000
45 23 GET 50 77.000000
45 23 PUT 50 77.000000
45 24 GET 50 101.000000
45 24 PUT 50 101.000000
45 25 GET 50 101.000000
45 25 PUT 50 101.000000
45 26 GET 50 135.000000
45 26 PUT 50 135.000000
45 27 GET 50 142.000000
45 27 PUT 50 142.000000
45 28 GET 50 54.000000
45 28 PUT 50 54.000000
45 29 GET 50 147.000000
45 29 PUT 50 147.000000
45 3 GET 50 171.000000
45 3 PUT 50 171.000000
45 30 GET 50 53.000000
45 30 PUT 50 53.000000
45 31 GET 50 172.000000
45 31 PUT 50 172.000000
45 32 GET 50 203.000000
45 32 PUT 50 203.000000
45 33 GET 50 145.000000
45 33 PUT 50 145.000000
45 34 GET 50 147.000000
45 34 PUT 50 147.000000
45 35 GET 50 50.000000
45 35 PUT 50 50.000000
45 36 GET 50 151.000000
45 36 PUT 50 151.000000
45 37 GET 50 23.000000
45 37 PUT 50 23.000000
45 38 GET 50 12.000000
45 38 PUT 50 12.000000
45 39 GET 50 119.000000
45 39 PUT 50 119.000000
45 4 GET 50 163.000000
45 4 PUT 50 163.000000
45 40 GET 50 94.000000
45 40 PUT 50 94.000000
45 41 GET 50 166.000000
45 41 PUT 50 166.000000
45 42 GET 50 139.000000
45 42 PUT 50 139.000000
45 43 GET 50 35.000000
45 43 PUT 50 35.000000
45 44 GET 50 67.000000
45 44 PUT 50 67.000000
45 45 GET 50 0
45 45 PUT 50 0
45 5 GET 50 68.000000
45 5 PUT 50 68.000000
45 6 GET 50 145.000000
45 6 PUT 50 145.000000
45 7 GET 50 155.000000
45 7 PUT 50 155.000000
45 8 GET 50 159.000000
45 8 PUT 50 159.000000
45 9 GET 50 185.000000
45 9 PUT 50 185.000000
5 0 GET 50 151.000000
5 0 PUT 50 151.000000
5 1 GET 50 175.000000
5 1 PUT 50 175.000000
5 10 GET 50 15.000000
5 10 PUT 50 15.000000
5 11 GET 50 26.000000
5 11 PUT 50 26.000000
5 12 GET 50 77.000000
5 12 PUT 50 77.000000
5 13 GET 50 67.000000
5 13 PUT 50 67.000000
5 14 GET 50 241.000000
5 14 PUT 50 241.000000
5 15 GET 50 249.000000
5 15 PUT 50 249.000000
5 16 GET 50 126.000000
5 16 PUT 50 126.000000
5 17 GET 50 32.000000
5 17 PUT 50 32.000000
5 18 GET 50 42.000000
5 18 PUT 50 42.000000
5 19 GET 50 194.000000
5 19 PUT 50 194.000000
5 2 GET 50 198.000000
5 2 PUT 50 198.000000
5 20 GET 50 54.000000
5 20 PUT 50 54.000000
5 21 GET 50 222.000000
5 21 PUT 50 222.000000
5 22 GET 50 17.000000
5 22 PUT 50 17.000000
5 23 GET 50 21.000000
5 23 PUT 50 21.000000
5 24 GET 50 172.000000
5 24 PUT 50 172.000000
5 25 GET 50 181.000000
5 25 PUT 50 181.000000
5 26 GET 50 206.000000
5 26 PUT 50 206.000000
5 27 GET 50 213.000000
5 27 PUT 50 213.000000
5 28 GET 50 30.000000
5 28 PUT 50 30.000000
5 29 GET 50 88.000000
5 29 PUT 50 88.000000
5 3 GET 50 206.000000
5 3 PUT 50 206.000000
5 30 GET 50 50.000000
5 30 PUT 50 50.000000
5 31 GET 50 239.000000
5 31 PUT 50 239.000000
5 32 GET 50 246.000000
5 32 PUT 50 246.000000
5 33 GET 50 80.000000
5 33 PUT 50 80.000000
5 34 GET 50 81.000000
5 34 PUT 50 81.000000
5 35 GET 50 68.000000
5 35 PUT 50 68.000000
5 36 GET 50 87.000000
5 36 PUT 50 87.000000
5 37 GET 50 83.000000
5 37 PUT 50 83.000000
5 38 GET 50 89.000000
5 38 PUT 50 89.000000
5 39 GET 50 270.000000
5 39 PUT 50 270.000000
5 4 GET 50 233.000000
5 4 PUT 50 233.000000
5 40 GET 50 244.000000
5 40 PUT 50 244.000000
5 41 GET 50 315.000000
5 41 PUT 50 315.000000
5 42 GET 50 100.000000
5 42 PUT 50 100.000000
5 43 GET 50 33.000000
5 43 PUT 50 33.000000
5 44 GET 50 28.000000
5 44 PUT 50 28.000000
5 45 GET 50 68.000000
5 45 PUT 50 68.000000
5 5 GET 50 0
5 5 PUT 50 0
5 6 GET 50 101.000000
5 6 PUT 50 101.000000
5 7 GET 50 77.000000
5 7 PUT 50 77.000000
5 8 GET 50 95.000000
5 8 PUT 50 95.000000
5 9 GET 50 124.000000
5 9 PUT 50 124.000000
6 0 GET 50 238.000000
6 0 PUT 50 238.000000
6 1 GET 50 263.000000
6 1 PUT 50 263.000000
6 10 GET 50 90.000000
6 10 PUT 50 90.000000
6 11 GET 50 98.000000
6 11 PUT 50 98.000000
6 12 GET 50 146.000000
6 12 PUT 50 146.000000
6 13 GET 50 162.000000
6 13 PUT 50 162.000000
6 14 GET 50 306.000000
6 14 PUT 50 306.000000
6 15 GET 50 344.000000
6 15 PUT 50 344.000000
6 16 GET 50 201.000000
6 16 PUT 50 201.000000
6 17 GET 50 106.000000
6 17 PUT 50 106.000000
6 18 GET 50 116.000000
6 18 PUT 50 116.000000
6 19 GET 50 125.000000
6 19 PUT 50 125.000000
6 2 GET 50 112.000000
6 2 PUT 50 112.000000
6 20 GET 50 124.000000
6 20 PUT 50 124.000000
6 21 GET 50 214.000000
6 21 PUT 50 214.000000
6 22 GET 50 92.000000
6 22 PUT 50 92.000000
6 23 GET 50 96.000000
6 23 PUT 50 96.000000
6 24 GET 50 242.000000
6 24 PUT 50 242.000000
6 25 GET 50 254.000000
6 25 PUT 50 254.000000
6 26 GET 50 275.000000
6 26 PUT 50 275.000000
6 27 GET 50 283.000000
6 27 PUT 50 283.000000
6 28 GET 50 111.000000
6 28 PUT 50 111.000000
6 29 GET 50 28.000000
6 29 PUT 50 28.000000
6 3 GET 50 167.000000
6 3 PUT 50 167.000000
6 30 GET 50 121.000000
6 30 PUT 50 121.000000
6 31 GET 50 170.000000
6 31 PUT 50 170.000000
6 32 GET 50 148.000000
6 32 PUT 50 148.000000
6 33 GET 50 18.000000
6 33 PUT 50 18.000000
6 34 GET 50 18.000000
6 34 PUT 50 18.000000
6 35 GET 50 138.000000
6 35 PUT 50 138.000000
6 36 GET 50 19.000000
6 36 PUT 50 19.000000
6 37 GET 50 152.000000
6 37 PUT 50 152.000000
6 38 GET 50 159.000000
6 38 PUT 50 159.000000
6 39 GET 50 261.000000
6 39 PUT 50 261.000000
6 4 GET 50 323.000000
6 4 PUT 50 323.000000
6 40 GET 50 236.000000
6 40 PUT 50 236.000000
6 41 GET 50 310.000000
6 41 PUT 50 310.000000
6 42 GET 50 9.000000
6 42 PUT 50 9.000000
6 43 GET 50 112.000000
6 43 PUT 50 112.000000
6 44 GET 50 99.000000
6 44 PUT 50 99.000000
6 45 GET 50 145.000000
6 45 PUT 50 145.000000
6 5 GET 50 101.000000
6 5 PUT 50 101.000000
6 6 GET 50 0
6 6 PUT 50 0
6 7 GET 50 22.000000
6 7 PUT 50 22.000000
6 8 GET 50 21.000000
6 8 PUT 50 21.000000
6 9 GET 50 206.000000
6 9 PUT 50 206.000000
7 0 GET 50 219.000000
7 0 PUT 50 219.000000
7 1 GET 50 243.000000
7 1 PUT 50 243.000000
7 10 GET 50 76.000000
7 10 PUT 50 76.000000
7 11 GET 50 81.000000
7 11 PUT 50 81.000000
7 12 GET 50 137.000000
7 12 PUT 50 137.000000
7 13 GET 50 134.000000
7 13 PUT 50 134.000000
7 14 GET 50 307.000000
7 14 PUT 50 307.000000
7 15 GET 50 343.000000
7 15 PUT 50 343.000000
7 16 GET 50 195.000000
7 16 PUT 50 195.000000
7 17 GET 50 77.000000
7 17 PUT 50 77.000000
7 18 GET 50 88.000000
7 18 PUT 50 88.000000
7 19 GET 50 131.000000
7 19 PUT 50 131.000000
7 2 GET 50 122.000000
7 2 PUT 50 122.000000
7 20 GET 50 103.000000
7 20 PUT 50 103.000000
7 21 GET 50 227.000000
7 21 PUT 50 227.000000
7 22 GET 50 86.000000
7 22 PUT 50 86.000000
7 23 GET 50 90.000000
7 23 PUT 50 90.000000
7 24 GET 50 239.000000
7 24 PUT 50 239.000000
7 25 GET 50 240.000000
7 25 PUT 50 240.000000
7 26 GET 50 273.000000
7 26 PUT 50 273.000000
7 27 GET 50 280.000000
7 27 PUT 50 280.000000
7 28 GET 50 91.000000
7 28 PUT 50 91.000000
7 29 GET 50 2.000000
7 29 PUT 50 2.000000
7 3 GET 50 177.000000
7 3 PUT 50 177.000000
7 30 GET 50 121.000000
7 30 PUT 50 121.000000
7 31 GET 50 177.000000
7 31 PUT 50 177.000000
7 32 GET 50 154.000000
7 32 PUT 50 154.000000
7 33 GET 50 13.000000
7 33 PUT 50 13.000000
7 34 GET 50 16.000000
7 34 PUT 50 16.000000
7 35 GET 50 117.000000
7 35 PUT 50 117.000000
7 36 GET 50 21.000000
7 36 PUT 50 21.000000
7 37 GET 50 143.000000
7 37 PUT 50 143.000000
7 38 GET 50 138.000000
7 38 PUT 50 138.000000
7 39 GET 50 271.000000
7 39 PUT 50 271.000000
7 4 GET 50 303.000000
7 4 PUT 50 303.000000
7 40 GET 50 244.000000
7 40 PUT 50 244.000000
7 41 GET 50 317.000000
7 41 PUT 50 317.000000
7 42 GET 50 17.000000
7 42 PUT 50 17.000000
7 43 GET 50 121.000000
7 43 PUT 50 121.000000
7 44 GET 50 108.000000
7 44 PUT 50 108.000000
7 45 GET 50 154.000000
7 45 PUT 50 154.000000
7 5 GET 50 77.000000
7 5 PUT 50 77.000000
7 6 GET 50 22.000000
7 6 PUT 50 22.000000
7 7 GET 50 0
7 7 PUT 50 0
7 8 GET 50 14.000000
7 8 PUT 50 14.000000
7 9 GET 50 185.000000
7 9 PUT 50 185.000000
8 0 GET 50 240.000000
8 0 PUT 50 240.000000
8 1 GET 50 257.000000
8 1 PUT 50 257.000000
8 10 GET 50 79.000000
8 10 PUT 50 79.000000
8 11 GET 50 91.000000
8 11 PUT 50 91.000000
8 12 GET 50 141.000000
8 12 PUT 50 141.000000
8 13 GET 50 160.000000
8 13 PUT 50 160.000000
8 14 GET 50 272.000000
8 14 PUT 50 272.000000
8 15 GET 50 313.000000
8 15 PUT 50 313.000000
8 16 GET 50 190.000000
8 16 PUT 50 190.000000
8 17 GET 50 94.000000
8 17 PUT 50 94.000000
8 18 GET 50 103.000000
8 18 PUT 50 103.000000
8 2 GET 50 120.000000
8 2 PUT 50 120.000000
8 20 GET 50 118.000000
8 20 PUT 50 118.000000
8 22 GET 50 80.000000
8 22 PUT 50 80.000000
8 23 GET 50 84.000000
8 23 PUT 50 84.000000
8 24 GET 50 231.000000
8 24 PUT 50 231.000000
8 25 GET 50 244.000000
8 25 PUT 50 244.000000
8 26 GET 50 264.000000
8 26 PUT 50 264.000000
8 27 GET 50 271.000000
8 27 PUT 50 271.000000
8 28 GET 50 102.000000
8 28 PUT 50 102.000000
8 29 GET 50 17.000000
8 29 PUT 50 17.000000
8 3 GET 50 172.000000
8 3 PUT 50 172.000000
8 30 GET 50 109.000000
8 30 PUT 50 109.000000
8 33 GET 50 15.000000
8 33 PUT 50 15.000000
8 34 GET 50 16.000000
8 34 PUT 50 16.000000
8 35 GET 50 130.000000
8 35 PUT 50 130.000000
8 36 GET 50 17.000000
8 36 PUT 50 17.000000
8 37 GET 50 140.000000
8 37 PUT 50 140.000000
8 38 GET 50 151.000000
8 38 PUT 50 151.000000
8 39 GET 50 277.000000
8 39 PUT 50 277.000000
8 4 GET 50 298.000000
8 4 PUT 50 298.000000
8 40 GET 50 251.000000
8 40 PUT 50 251.000000
8 41 GET 50 325.000000
8 41 PUT 50 325.000000
8 42 GET 50 34.000000
8 42 PUT 50 34.000000
8 43 GET 50 126.000000
8 43 PUT 50 126.000000
8 44 GET 50 116.000000
8 44 PUT 50 116.000000
8 45 GET 50 160.000000
8 45 PUT 50 160.000000
8 5 GET 50 98.000000
8 5 PUT 50 98.000000
8 6 GET 50 19.000000
8 6 PUT 50 19.000000
8 7 GET 50 17.000000
8 7 PUT 50 17.000000
8 8 GET 50 0
8 8 PUT 50 0
8 9 GET 50 200.000000
8 9 PUT 50 200.000000
9 0 GET 50 269.000000
9 0 PUT 50 269.000000
9 1 GET 50 291.000000
9 1 PUT 50 291.000000
9 10 GET 50 122.000000
9 10 PUT 50 122.000000
9 11 GET 50 131.000000
9 11 PUT 50 131.000000
9 12 GET 50 184.000000
9 12 PUT 50 184.000000
9 13 GET 50 183.000000
9 13 PUT 50 183.000000
9 14 GET 50 302.000000
9 14 PUT 50 302.000000
9 15 GET 50 313.000000
9 15 PUT 50 313.000000
9 16 GET 50 5.000000
9 16 PUT 50 5.000000
9 17 GET 50 134.000000
9 17 PUT 50 134.000000
9 18 GET 50 145.000000
9 18 PUT 50 145.000000
9 19 GET 50 299.000000
9 19 PUT 50 299.000000
9 2 GET 50 304.000000
9 2 PUT 50 304.000000
9 20 GET 50 154.000000
9 20 PUT 50 154.000000
9 21 GET 50 311.000000
9 21 PUT 50 311.000000
9 22 GET 50 122.000000
9 22 PUT 50 122.000000
9 23 GET 50 131.000000
9 23 PUT 50 131.000000
9 24 GET 50 261.000000
9 24 PUT 50 261.000000
9 25 GET 50 268.000000
9 25 PUT 50 268.000000
9 26 GET 50 294.000000
9 26 PUT 50 294.000000
9 27 GET 50 302.000000
9 27 PUT 50 302.000000
9 28 GET 50 141.000000
9 28 PUT 50 141.000000
9 29 GET 50 193.000000
9 29 PUT 50 193.000000
9 3 GET 50 325.000000
9 3 PUT 50 325.000000
9 30 GET 50 139.000000
9 30 PUT 50 139.000000
9 31 GET 50 327.000000
9 31 PUT 50 327.000000
9 32 GET 50 313.000000
9 32 PUT 50 313.000000
9 33 GET 50 185.000000
9 33 PUT 50 185.000000
9 34 GET 50 186.000000
9 34 PUT 50 186.000000
9 35 GET 50 168.000000
9 35 PUT 50 168.000000
9 36 GET 50 191.000000
9 36 PUT 50 191.000000
9 37 GET 50 171.000000
9 37 PUT 50 171.000000
9 38 GET 50 189.000000
9 38 PUT 50 189.000000
9 39 GET 50 311.000000
9 39 PUT 50 311.000000
9 4 GET 50 338.000000
9 4 PUT 50 338.000000
9 40 GET 50 285.000000
9 40 PUT 50 285.000000
9 41 GET 50 347.000000
9 41 PUT 50 347.000000
9 42 GET 50 229.000000
9 42 PUT 50 229.000000
9 43 GET 50 153.000000
9 43 PUT 50 153.000000
9 44 GET 50 132.000000
9 44 PUT 50 132.000000
9 45 GET 50 185.000000
9 45 PUT 50 185.000000
9 5 GET 50 124.000000
9 5 PUT 50 124.000000
9 6 GET 50 206.000000
9 6 PUT 50 206.000000
9 7 GET 50 185.000000
9 7 PUT 50 185.000000
9 8 GET 50 198.000000
9 8 PUT 50 198.000000
9 9 GET 50 0
9 9 PUT 50 0
